    Temperature: 2.00000000E+00
         Energy: -1.74442070E+00
             Cv: 7.44812641E-01
          M-abs: 9.10243700E-01
            Sus: 4.18955522E-01
