    Temperature: 2.00000000E+00
         Energy: -1.74675160E+00
             Cv: 7.13199390E-01
          M-abs: 9.12234550E-01
            Sus: 3.58920707E-01
