    Temperature: 1.00000000E+00
         Energy: -1.99713330E+00
             Cv: 2.39476124E-02
          M-abs: 9.99267900E-01
            Sus: 1.61441184E-03
