    Temperature: 1.00000000E+00
         Energy: -1.99480000E+00
             Cv: 4.14918400E-02
          M-abs: 9.98350000E-01
            Sus: 3.95574119E+00
