    Temperature: 1.00000000E+00
         Energy: -2.00000000E+00
             Cv: 0.00000000E+00
          M-abs: 1.00000000E+00
            Sus: 0.00000000E+00
