    Temperature: 1.00000000E+00
         Energy: -1.99708550E+00
             Cv: 4.15146759E-02
          M-abs: 9.99207150E-01
            Sus: 1.44172556E-02
