    Temperature: 1.00000000E+00
         Energy: -1.99200000E+00
             Cv: 2
          M-abs: 9.97500000E-01
            Sus: 2.49615900E+00
