    Temperature: 1.00000000E+00
         Energy: -1.99644000E+00
             Cv: 2.84293056E-02
          M-abs: 9.98775000E-01
            Sus: 3.98793560E+00
