            0            0            0            0            0            0            0            0            0            0            0            0            0            0            0            0            0            0            0            0            0            0            0            0            0            0            0            0            0            0            0            0            0            0            0            0            0            0            0            0            0            0            0            0            0            0            0            0            0            0            0
            0   2.2382e-10   4.4675e-10   6.6792e-10   8.8646e-10   1.1015e-09   1.3122e-09   1.5177e-09   1.7172e-09   1.9100e-09   2.0952e-09   2.2721e-09   2.4401e-09   2.5984e-09   2.7465e-09   2.8837e-09   3.0096e-09   3.1236e-09   3.2253e-09   3.3142e-09   3.3901e-09   3.4525e-09   3.5014e-09   3.5364e-09   3.5575e-09   3.5645e-09   3.5575e-09   3.5364e-09   3.5014e-09   3.4525e-09   3.3901e-09   3.3142e-09   3.2253e-09   3.1236e-09   3.0096e-09   2.8837e-09   2.7465e-09   2.5984e-09   2.4401e-09   2.2721e-09   2.0952e-09   1.9100e-09   1.7172e-09   1.5177e-09   1.3122e-09   1.1015e-09   8.8646e-10   6.6792e-10   4.4675e-10   2.2382e-10            0
            0   4.4675e-10   8.9174e-10   1.3332e-09   1.7694e-09   2.1986e-09   2.6192e-09   3.0294e-09   3.4277e-09   3.8124e-09   4.1821e-09   4.5352e-09   4.8705e-09   5.1866e-09   5.4822e-09   5.7561e-09   6.0074e-09   6.2349e-09   6.4378e-09   6.6153e-09   6.7667e-09   6.8914e-09   6.9889e-09   7.0588e-09   7.1009e-09   7.1150e-09   7.1009e-09   7.0588e-09   6.9889e-09   6.8914e-09   6.7667e-09   6.6153e-09   6.4378e-09   6.2349e-09   6.0074e-09   5.7561e-09   5.4822e-09   5.1866e-09   4.8705e-09   4.5352e-09   4.1821e-09   3.8124e-09   3.4277e-09   3.0294e-09   2.6192e-09   2.1986e-09   1.7694e-09   1.3332e-09   8.9174e-10   4.4675e-10            0
            0   6.6792e-10   1.3332e-09   1.9932e-09   2.6454e-09   3.2871e-09   3.9159e-09   4.5291e-09   5.1246e-09   5.6998e-09   6.2525e-09   6.7805e-09   7.2817e-09   7.7543e-09   8.1962e-09   8.6058e-09   8.9814e-09   9.3216e-09   9.6249e-09   9.8903e-09   1.0117e-08   1.0303e-08   1.0449e-08   1.0553e-08   1.0616e-08   1.0637e-08   1.0616e-08   1.0553e-08   1.0449e-08   1.0303e-08   1.0117e-08   9.8903e-09   9.6249e-09   9.3216e-09   8.9814e-09   8.6058e-09   8.1962e-09   7.7543e-09   7.2817e-09   6.7805e-09   6.2525e-09   5.6998e-09   5.1246e-09   4.5291e-09   3.9159e-09   3.2871e-09   2.6454e-09   1.9932e-09   1.3332e-09   6.6792e-10            0
            0   8.8646e-10   1.7694e-09   2.6454e-09   3.5109e-09   4.3626e-09   5.1971e-09   6.0110e-09   6.8013e-09   7.5646e-09   8.2982e-09   8.9990e-09   9.6642e-09   1.0291e-08   1.0878e-08   1.1421e-08   1.1920e-08   1.2371e-08   1.2774e-08   1.3126e-08   1.3427e-08   1.3674e-08   1.3868e-08   1.4006e-08   1.4090e-08   1.4118e-08   1.4090e-08   1.4006e-08   1.3868e-08   1.3674e-08   1.3427e-08   1.3126e-08   1.2774e-08   1.2371e-08   1.1920e-08   1.1421e-08   1.0878e-08   1.0291e-08   9.6642e-09   8.9990e-09   8.2982e-09   7.5646e-09   6.8013e-09   6.0110e-09   5.1971e-09   4.3626e-09   3.5109e-09   2.6454e-09   1.7694e-09   8.8646e-10            0
            0   1.1015e-09   2.1986e-09   3.2871e-09   4.3626e-09   5.4209e-09   6.4578e-09   7.4692e-09   8.4511e-09   9.3997e-09   1.0311e-08   1.1182e-08   1.2009e-08   1.2788e-08   1.3517e-08   1.4192e-08   1.4812e-08   1.5372e-08   1.5873e-08   1.6310e-08   1.6684e-08   1.6991e-08   1.7232e-08   1.7404e-08   1.7508e-08   1.7542e-08   1.7508e-08   1.7404e-08   1.7232e-08   1.6991e-08   1.6684e-08   1.6310e-08   1.5873e-08   1.5372e-08   1.4812e-08   1.4192e-08   1.3517e-08   1.2788e-08   1.2009e-08   1.1182e-08   1.0311e-08   9.3997e-09   8.4511e-09   7.4692e-09   6.4578e-09   5.4209e-09   4.3626e-09   3.2871e-09   2.1986e-09   1.1015e-09            0
            0   1.3122e-09   2.6192e-09   3.9159e-09   5.1971e-09   6.4578e-09   7.6930e-09   8.8979e-09   1.0068e-08   1.1198e-08   1.2283e-08   1.3321e-08   1.4306e-08   1.5234e-08   1.6102e-08   1.6907e-08   1.7645e-08   1.8313e-08   1.8909e-08   1.9430e-08   1.9875e-08   2.0241e-08   2.0528e-08   2.0733e-08   2.0857e-08   2.0898e-08   2.0857e-08   2.0733e-08   2.0528e-08   2.0241e-08   1.9875e-08   1.9430e-08   1.8909e-08   1.8313e-08   1.7645e-08   1.6907e-08   1.6102e-08   1.5234e-08   1.4306e-08   1.3321e-08   1.2283e-08   1.1198e-08   1.0068e-08   8.8979e-09   7.6930e-09   6.4578e-09   5.1971e-09   3.9159e-09   2.6192e-09   1.3122e-09            0
            0   1.5177e-09   3.0294e-09   4.5291e-09   6.0110e-09   7.4692e-09   8.8979e-09   1.0291e-08   1.1644e-08   1.2951e-08   1.4207e-08   1.5407e-08   1.6546e-08   1.7620e-08   1.8624e-08   1.9555e-08   2.0408e-08   2.1181e-08   2.1870e-08   2.2473e-08   2.2988e-08   2.3411e-08   2.3743e-08   2.3980e-08   2.4123e-08   2.4171e-08   2.4123e-08   2.3980e-08   2.3743e-08   2.3411e-08   2.2988e-08   2.2473e-08   2.1870e-08   2.1181e-08   2.0408e-08   1.9555e-08   1.8624e-08   1.7620e-08   1.6546e-08   1.5407e-08   1.4207e-08   1.2951e-08   1.1644e-08   1.0291e-08   8.8979e-09   7.4692e-09   6.0110e-09   4.5291e-09   3.0294e-09   1.5177e-09            0
            0   1.7172e-09   3.4277e-09   5.1246e-09   6.8013e-09   8.4511e-09   1.0068e-08   1.1644e-08   1.3175e-08   1.4654e-08   1.6075e-08   1.7432e-08   1.8721e-08   1.9936e-08   2.1072e-08   2.2125e-08   2.3091e-08   2.3966e-08   2.4746e-08   2.5428e-08   2.6010e-08   2.6489e-08   2.6864e-08   2.7133e-08   2.7294e-08   2.7348e-08   2.7294e-08   2.7133e-08   2.6864e-08   2.6489e-08   2.6010e-08   2.5428e-08   2.4746e-08   2.3966e-08   2.3091e-08   2.2125e-08   2.1072e-08   1.9936e-08   1.8721e-08   1.7432e-08   1.6075e-08   1.4654e-08   1.3175e-08   1.1644e-08   1.0068e-08   8.4511e-09   6.8013e-09   5.1246e-09   3.4277e-09   1.7172e-09            0
            0   1.9100e-09   3.8124e-09   5.6998e-09   7.5646e-09   9.3997e-09   1.1198e-08   1.2951e-08   1.4654e-08   1.6299e-08   1.7879e-08   1.9389e-08   2.0823e-08   2.2174e-08   2.3437e-08   2.4609e-08   2.5683e-08   2.6655e-08   2.7523e-08   2.8282e-08   2.8929e-08   2.9462e-08   2.9879e-08   3.0178e-08   3.0358e-08   3.0418e-08   3.0358e-08   3.0178e-08   2.9879e-08   2.9462e-08   2.8929e-08   2.8282e-08   2.7523e-08   2.6655e-08   2.5683e-08   2.4609e-08   2.3437e-08   2.2174e-08   2.0823e-08   1.9389e-08   1.7879e-08   1.6299e-08   1.4654e-08   1.2951e-08   1.1198e-08   9.3997e-09   7.5646e-09   5.6998e-09   3.8124e-09   1.9100e-09            0
            0   2.0952e-09   4.1821e-09   6.2525e-09   8.2982e-09   1.0311e-08   1.2283e-08   1.4207e-08   1.6075e-08   1.7879e-08   1.9613e-08   2.1269e-08   2.2842e-08   2.4324e-08   2.5710e-08   2.6995e-08   2.8173e-08   2.9240e-08   3.0192e-08   3.1024e-08   3.1734e-08   3.2319e-08   3.2777e-08   3.3104e-08   3.3302e-08   3.3368e-08   3.3302e-08   3.3104e-08   3.2777e-08   3.2319e-08   3.1734e-08   3.1024e-08   3.0192e-08   2.9240e-08   2.8173e-08   2.6995e-08   2.5710e-08   2.4324e-08   2.2842e-08   2.1269e-08   1.9613e-08   1.7879e-08   1.6075e-08   1.4207e-08   1.2283e-08   1.0311e-08   8.2982e-09   6.2525e-09   4.1821e-09   2.0952e-09            0
            0   2.2721e-09   4.5352e-09   6.7805e-09   8.9990e-09   1.1182e-08   1.3321e-08   1.5407e-08   1.7432e-08   1.9389e-08   2.1269e-08   2.3065e-08   2.4771e-08   2.6378e-08   2.7881e-08   2.9275e-08   3.0552e-08   3.1710e-08   3.2742e-08   3.3644e-08   3.4414e-08   3.5049e-08   3.5545e-08   3.5900e-08   3.6114e-08   3.6185e-08   3.6114e-08   3.5900e-08   3.5545e-08   3.5049e-08   3.4414e-08   3.3644e-08   3.2742e-08   3.1710e-08   3.0552e-08   2.9275e-08   2.7881e-08   2.6378e-08   2.4771e-08   2.3065e-08   2.1269e-08   1.9389e-08   1.7432e-08   1.5407e-08   1.3321e-08   1.1182e-08   8.9990e-09   6.7805e-09   4.5352e-09   2.2721e-09            0
            0   2.4401e-09   4.8705e-09   7.2817e-09   9.6642e-09   1.2009e-08   1.4306e-08   1.6546e-08   1.8721e-08   2.0823e-08   2.2842e-08   2.4771e-08   2.6602e-08   2.8328e-08   2.9943e-08   3.1439e-08   3.2811e-08   3.4054e-08   3.5162e-08   3.6132e-08   3.6959e-08   3.7640e-08   3.8172e-08   3.8554e-08   3.8784e-08   3.8861e-08   3.8784e-08   3.8554e-08   3.8172e-08   3.7640e-08   3.6959e-08   3.6132e-08   3.5162e-08   3.4054e-08   3.2811e-08   3.1439e-08   2.9943e-08   2.8328e-08   2.6602e-08   2.4771e-08   2.2842e-08   2.0823e-08   1.8721e-08   1.6546e-08   1.4306e-08   1.2009e-08   9.6642e-09   7.2817e-09   4.8705e-09   2.4401e-09            0
            0   2.5984e-09   5.1866e-09   7.7543e-09   1.0291e-08   1.2788e-08   1.5234e-08   1.7620e-08   1.9936e-08   2.2174e-08   2.4324e-08   2.6378e-08   2.8328e-08   3.0166e-08   3.1886e-08   3.3479e-08   3.4940e-08   3.6264e-08   3.7444e-08   3.8476e-08   3.9357e-08   4.0082e-08   4.0649e-08   4.1056e-08   4.1301e-08   4.1382e-08   4.1301e-08   4.1056e-08   4.0649e-08   4.0082e-08   3.9357e-08   3.8476e-08   3.7444e-08   3.6264e-08   3.4940e-08   3.3479e-08   3.1886e-08   3.0166e-08   2.8328e-08   2.6378e-08   2.4324e-08   2.2174e-08   1.9936e-08   1.7620e-08   1.5234e-08   1.2788e-08   1.0291e-08   7.7543e-09   5.1866e-09   2.5984e-09            0
            0   2.7465e-09   5.4822e-09   8.1962e-09   1.0878e-08   1.3517e-08   1.6102e-08   1.8624e-08   2.1072e-08   2.3437e-08   2.5710e-08   2.7881e-08   2.9943e-08   3.1886e-08   3.3703e-08   3.5387e-08   3.6932e-08   3.8330e-08   3.9578e-08   4.0669e-08   4.1600e-08   4.2367e-08   4.2966e-08   4.3396e-08   4.3654e-08   4.3741e-08   4.3654e-08   4.3396e-08   4.2966e-08   4.2367e-08   4.1600e-08   4.0669e-08   3.9578e-08   3.8330e-08   3.6932e-08   3.5387e-08   3.3703e-08   3.1886e-08   2.9943e-08   2.7881e-08   2.5710e-08   2.3437e-08   2.1072e-08   1.8624e-08   1.6102e-08   1.3517e-08   1.0878e-08   8.1962e-09   5.4822e-09   2.7465e-09            0
            0   2.8837e-09   5.7561e-09   8.6058e-09   1.1421e-08   1.4192e-08   1.6907e-08   1.9555e-08   2.2125e-08   2.4609e-08   2.6995e-08   2.9275e-08   3.1439e-08   3.3479e-08   3.5387e-08   3.7155e-08   3.8777e-08   4.0246e-08   4.1556e-08   4.2701e-08   4.3679e-08   4.4484e-08   4.5113e-08   4.5564e-08   4.5836e-08   4.5927e-08   4.5836e-08   4.5564e-08   4.5113e-08   4.4484e-08   4.3679e-08   4.2701e-08   4.1556e-08   4.0246e-08   3.8777e-08   3.7155e-08   3.5387e-08   3.3479e-08   3.1439e-08   2.9275e-08   2.6995e-08   2.4609e-08   2.2125e-08   1.9555e-08   1.6907e-08   1.4192e-08   1.1421e-08   8.6058e-09   5.7561e-09   2.8837e-09            0
            0   3.0096e-09   6.0074e-09   8.9814e-09   1.1920e-08   1.4812e-08   1.7645e-08   2.0408e-08   2.3091e-08   2.5683e-08   2.8173e-08   3.0552e-08   3.2811e-08   3.4940e-08   3.6932e-08   3.8777e-08   4.0470e-08   4.2002e-08   4.3369e-08   4.4565e-08   4.5585e-08   4.6425e-08   4.7082e-08   4.7553e-08   4.7836e-08   4.7931e-08   4.7836e-08   4.7553e-08   4.7082e-08   4.6425e-08   4.5585e-08   4.4565e-08   4.3369e-08   4.2002e-08   4.0470e-08   3.8777e-08   3.6932e-08   3.4940e-08   3.2811e-08   3.0552e-08   2.8173e-08   2.5683e-08   2.3091e-08   2.0408e-08   1.7645e-08   1.4812e-08   1.1920e-08   8.9814e-09   6.0074e-09   3.0096e-09            0
            0   3.1236e-09   6.2349e-09   9.3216e-09   1.2371e-08   1.5372e-08   1.8313e-08   2.1181e-08   2.3966e-08   2.6655e-08   2.9240e-08   3.1710e-08   3.4054e-08   3.6264e-08   3.8330e-08   4.0246e-08   4.2002e-08   4.3593e-08   4.5012e-08   4.6253e-08   4.7312e-08   4.8184e-08   4.8865e-08   4.9354e-08   4.9648e-08   4.9746e-08   4.9648e-08   4.9354e-08   4.8865e-08   4.8184e-08   4.7312e-08   4.6253e-08   4.5012e-08   4.3593e-08   4.2002e-08   4.0246e-08   3.8330e-08   3.6264e-08   3.4054e-08   3.1710e-08   2.9240e-08   2.6655e-08   2.3966e-08   2.1181e-08   1.8313e-08   1.5372e-08   1.2371e-08   9.3216e-09   6.2349e-09   3.1236e-09            0
            0   3.2253e-09   6.4378e-09   9.6249e-09   1.2774e-08   1.5873e-08   1.8909e-08   2.1870e-08   2.4746e-08   2.7523e-08   3.0192e-08   3.2742e-08   3.5162e-08   3.7444e-08   3.9578e-08   4.1556e-08   4.3369e-08   4.5012e-08   4.6477e-08   4.7758e-08   4.8851e-08   4.9752e-08   5.0456e-08   5.0960e-08   5.1264e-08   5.1365e-08   5.1264e-08   5.0960e-08   5.0456e-08   4.9752e-08   4.8851e-08   4.7758e-08   4.6477e-08   4.5012e-08   4.3369e-08   4.1556e-08   3.9578e-08   3.7444e-08   3.5162e-08   3.2742e-08   3.0192e-08   2.7523e-08   2.4746e-08   2.1870e-08   1.8909e-08   1.5873e-08   1.2774e-08   9.6249e-09   6.4378e-09   3.2253e-09            0
            0   3.3142e-09   6.6153e-09   9.8903e-09   1.3126e-08   1.6310e-08   1.9430e-08   2.2473e-08   2.5428e-08   2.8282e-08   3.1024e-08   3.3644e-08   3.6132e-08   3.8476e-08   4.0669e-08   4.2701e-08   4.4565e-08   4.6253e-08   4.7758e-08   4.9075e-08   5.0198e-08   5.1124e-08   5.1847e-08   5.2366e-08   5.2678e-08   5.2782e-08   5.2678e-08   5.2366e-08   5.1847e-08   5.1124e-08   5.0198e-08   4.9075e-08   4.7758e-08   4.6253e-08   4.4565e-08   4.2701e-08   4.0669e-08   3.8476e-08   3.6132e-08   3.3644e-08   3.1024e-08   2.8282e-08   2.5428e-08   2.2473e-08   1.9430e-08   1.6310e-08   1.3126e-08   9.8903e-09   6.6153e-09   3.3142e-09            0
            0   3.3901e-09   6.7667e-09   1.0117e-08   1.3427e-08   1.6684e-08   1.9875e-08   2.2988e-08   2.6010e-08   2.8929e-08   3.1734e-08   3.4414e-08   3.6959e-08   3.9357e-08   4.1600e-08   4.3679e-08   4.5585e-08   4.7312e-08   4.8851e-08   5.0198e-08   5.1347e-08   5.2294e-08   5.3034e-08   5.3564e-08   5.3883e-08   5.3990e-08   5.3883e-08   5.3564e-08   5.3034e-08   5.2294e-08   5.1347e-08   5.0198e-08   4.8851e-08   4.7312e-08   4.5585e-08   4.3679e-08   4.1600e-08   3.9357e-08   3.6959e-08   3.4414e-08   3.1734e-08   2.8929e-08   2.6010e-08   2.2988e-08   1.9875e-08   1.6684e-08   1.3427e-08   1.0117e-08   6.7667e-09   3.3901e-09            0
            0   3.4525e-09   6.8914e-09   1.0303e-08   1.3674e-08   1.6991e-08   2.0241e-08   2.3411e-08   2.6489e-08   2.9462e-08   3.2319e-08   3.5049e-08   3.7640e-08   4.0082e-08   4.2367e-08   4.4484e-08   4.6425e-08   4.8184e-08   4.9752e-08   5.1124e-08   5.2294e-08   5.3257e-08   5.4011e-08   5.4551e-08   5.4876e-08   5.4985e-08   5.4876e-08   5.4551e-08   5.4011e-08   5.3257e-08   5.2294e-08   5.1124e-08   4.9752e-08   4.8184e-08   4.6425e-08   4.4484e-08   4.2367e-08   4.0082e-08   3.7640e-08   3.5049e-08   3.2319e-08   2.9462e-08   2.6489e-08   2.3411e-08   2.0241e-08   1.6991e-08   1.3674e-08   1.0303e-08   6.8914e-09   3.4525e-09            0
            0   3.5014e-09   6.9889e-09   1.0449e-08   1.3868e-08   1.7232e-08   2.0528e-08   2.3743e-08   2.6864e-08   2.9879e-08   3.2777e-08   3.5545e-08   3.8172e-08   4.0649e-08   4.2966e-08   4.5113e-08   4.7082e-08   4.8865e-08   5.0456e-08   5.1847e-08   5.3034e-08   5.4011e-08   5.4775e-08   5.5323e-08   5.5653e-08   5.5763e-08   5.5653e-08   5.5323e-08   5.4775e-08   5.4011e-08   5.3034e-08   5.1847e-08   5.0456e-08   4.8865e-08   4.7082e-08   4.5113e-08   4.2966e-08   4.0649e-08   3.8172e-08   3.5545e-08   3.2777e-08   2.9879e-08   2.6864e-08   2.3743e-08   2.0528e-08   1.7232e-08   1.3868e-08   1.0449e-08   6.9889e-09   3.5014e-09            0
            0   3.5364e-09   7.0588e-09   1.0553e-08   1.4006e-08   1.7404e-08   2.0733e-08   2.3980e-08   2.7133e-08   3.0178e-08   3.3104e-08   3.5900e-08   3.8554e-08   4.1056e-08   4.3396e-08   4.5564e-08   4.7553e-08   4.9354e-08   5.0960e-08   5.2366e-08   5.3564e-08   5.4551e-08   5.5323e-08   5.5877e-08   5.6210e-08   5.6321e-08   5.6210e-08   5.5877e-08   5.5323e-08   5.4551e-08   5.3564e-08   5.2366e-08   5.0960e-08   4.9354e-08   4.7553e-08   4.5564e-08   4.3396e-08   4.1056e-08   3.8554e-08   3.5900e-08   3.3104e-08   3.0178e-08   2.7133e-08   2.3980e-08   2.0733e-08   1.7404e-08   1.4006e-08   1.0553e-08   7.0588e-09   3.5364e-09            0
            0   3.5575e-09   7.1009e-09   1.0616e-08   1.4090e-08   1.7508e-08   2.0857e-08   2.4123e-08   2.7294e-08   3.0358e-08   3.3302e-08   3.6114e-08   3.8784e-08   4.1301e-08   4.3654e-08   4.5836e-08   4.7836e-08   4.9648e-08   5.1264e-08   5.2678e-08   5.3883e-08   5.4876e-08   5.5653e-08   5.6210e-08   5.6544e-08   5.6656e-08   5.6544e-08   5.6210e-08   5.5653e-08   5.4876e-08   5.3883e-08   5.2678e-08   5.1264e-08   4.9648e-08   4.7836e-08   4.5836e-08   4.3654e-08   4.1301e-08   3.8784e-08   3.6114e-08   3.3302e-08   3.0358e-08   2.7294e-08   2.4123e-08   2.0857e-08   1.7508e-08   1.4090e-08   1.0616e-08   7.1009e-09   3.5575e-09            0
            0   3.5645e-09   7.1150e-09   1.0637e-08   1.4118e-08   1.7542e-08   2.0898e-08   2.4171e-08   2.7348e-08   3.0418e-08   3.3368e-08   3.6185e-08   3.8861e-08   4.1382e-08   4.3741e-08   4.5927e-08   4.7931e-08   4.9746e-08   5.1365e-08   5.2782e-08   5.3990e-08   5.4985e-08   5.5763e-08   5.6321e-08   5.6656e-08   5.6768e-08   5.6656e-08   5.6321e-08   5.5763e-08   5.4985e-08   5.3990e-08   5.2782e-08   5.1365e-08   4.9746e-08   4.7931e-08   4.5927e-08   4.3741e-08   4.1382e-08   3.8861e-08   3.6185e-08   3.3368e-08   3.0418e-08   2.7348e-08   2.4171e-08   2.0898e-08   1.7542e-08   1.4118e-08   1.0637e-08   7.1150e-09   3.5645e-09            0
            0   3.5575e-09   7.1009e-09   1.0616e-08   1.4090e-08   1.7508e-08   2.0857e-08   2.4123e-08   2.7294e-08   3.0358e-08   3.3302e-08   3.6114e-08   3.8784e-08   4.1301e-08   4.3654e-08   4.5836e-08   4.7836e-08   4.9648e-08   5.1264e-08   5.2678e-08   5.3883e-08   5.4876e-08   5.5653e-08   5.6210e-08   5.6544e-08   5.6656e-08   5.6544e-08   5.6210e-08   5.5653e-08   5.4876e-08   5.3883e-08   5.2678e-08   5.1264e-08   4.9648e-08   4.7836e-08   4.5836e-08   4.3654e-08   4.1301e-08   3.8784e-08   3.6114e-08   3.3302e-08   3.0358e-08   2.7294e-08   2.4123e-08   2.0857e-08   1.7508e-08   1.4090e-08   1.0616e-08   7.1009e-09   3.5575e-09            0
            0   3.5364e-09   7.0588e-09   1.0553e-08   1.4006e-08   1.7404e-08   2.0733e-08   2.3980e-08   2.7133e-08   3.0178e-08   3.3104e-08   3.5900e-08   3.8554e-08   4.1056e-08   4.3396e-08   4.5564e-08   4.7553e-08   4.9354e-08   5.0960e-08   5.2366e-08   5.3564e-08   5.4551e-08   5.5323e-08   5.5877e-08   5.6210e-08   5.6321e-08   5.6210e-08   5.5877e-08   5.5323e-08   5.4551e-08   5.3564e-08   5.2366e-08   5.0960e-08   4.9354e-08   4.7553e-08   4.5564e-08   4.3396e-08   4.1056e-08   3.8554e-08   3.5900e-08   3.3104e-08   3.0178e-08   2.7133e-08   2.3980e-08   2.0733e-08   1.7404e-08   1.4006e-08   1.0553e-08   7.0588e-09   3.5364e-09            0
            0   3.5014e-09   6.9889e-09   1.0449e-08   1.3868e-08   1.7232e-08   2.0528e-08   2.3743e-08   2.6864e-08   2.9879e-08   3.2777e-08   3.5545e-08   3.8172e-08   4.0649e-08   4.2966e-08   4.5113e-08   4.7082e-08   4.8865e-08   5.0456e-08   5.1847e-08   5.3034e-08   5.4011e-08   5.4775e-08   5.5323e-08   5.5653e-08   5.5763e-08   5.5653e-08   5.5323e-08   5.4775e-08   5.4011e-08   5.3034e-08   5.1847e-08   5.0456e-08   4.8865e-08   4.7082e-08   4.5113e-08   4.2966e-08   4.0649e-08   3.8172e-08   3.5545e-08   3.2777e-08   2.9879e-08   2.6864e-08   2.3743e-08   2.0528e-08   1.7232e-08   1.3868e-08   1.0449e-08   6.9889e-09   3.5014e-09            0
            0   3.4525e-09   6.8914e-09   1.0303e-08   1.3674e-08   1.6991e-08   2.0241e-08   2.3411e-08   2.6489e-08   2.9462e-08   3.2319e-08   3.5049e-08   3.7640e-08   4.0082e-08   4.2367e-08   4.4484e-08   4.6425e-08   4.8184e-08   4.9752e-08   5.1124e-08   5.2294e-08   5.3257e-08   5.4011e-08   5.4551e-08   5.4876e-08   5.4985e-08   5.4876e-08   5.4551e-08   5.4011e-08   5.3257e-08   5.2294e-08   5.1124e-08   4.9752e-08   4.8184e-08   4.6425e-08   4.4484e-08   4.2367e-08   4.0082e-08   3.7640e-08   3.5049e-08   3.2319e-08   2.9462e-08   2.6489e-08   2.3411e-08   2.0241e-08   1.6991e-08   1.3674e-08   1.0303e-08   6.8914e-09   3.4525e-09            0
            0   3.3901e-09   6.7667e-09   1.0117e-08   1.3427e-08   1.6684e-08   1.9875e-08   2.2988e-08   2.6010e-08   2.8929e-08   3.1734e-08   3.4414e-08   3.6959e-08   3.9357e-08   4.1600e-08   4.3679e-08   4.5585e-08   4.7312e-08   4.8851e-08   5.0198e-08   5.1347e-08   5.2294e-08   5.3034e-08   5.3564e-08   5.3883e-08   5.3990e-08   5.3883e-08   5.3564e-08   5.3034e-08   5.2294e-08   5.1347e-08   5.0198e-08   4.8851e-08   4.7312e-08   4.5585e-08   4.3679e-08   4.1600e-08   3.9357e-08   3.6959e-08   3.4414e-08   3.1734e-08   2.8929e-08   2.6010e-08   2.2988e-08   1.9875e-08   1.6684e-08   1.3427e-08   1.0117e-08   6.7667e-09   3.3901e-09            0
            0   3.3142e-09   6.6153e-09   9.8903e-09   1.3126e-08   1.6310e-08   1.9430e-08   2.2473e-08   2.5428e-08   2.8282e-08   3.1024e-08   3.3644e-08   3.6132e-08   3.8476e-08   4.0669e-08   4.2701e-08   4.4565e-08   4.6253e-08   4.7758e-08   4.9075e-08   5.0198e-08   5.1124e-08   5.1847e-08   5.2366e-08   5.2678e-08   5.2782e-08   5.2678e-08   5.2366e-08   5.1847e-08   5.1124e-08   5.0198e-08   4.9075e-08   4.7758e-08   4.6253e-08   4.4565e-08   4.2701e-08   4.0669e-08   3.8476e-08   3.6132e-08   3.3644e-08   3.1024e-08   2.8282e-08   2.5428e-08   2.2473e-08   1.9430e-08   1.6310e-08   1.3126e-08   9.8903e-09   6.6153e-09   3.3142e-09            0
            0   3.2253e-09   6.4378e-09   9.6249e-09   1.2774e-08   1.5873e-08   1.8909e-08   2.1870e-08   2.4746e-08   2.7523e-08   3.0192e-08   3.2742e-08   3.5162e-08   3.7444e-08   3.9578e-08   4.1556e-08   4.3369e-08   4.5012e-08   4.6477e-08   4.7758e-08   4.8851e-08   4.9752e-08   5.0456e-08   5.0960e-08   5.1264e-08   5.1365e-08   5.1264e-08   5.0960e-08   5.0456e-08   4.9752e-08   4.8851e-08   4.7758e-08   4.6477e-08   4.5012e-08   4.3369e-08   4.1556e-08   3.9578e-08   3.7444e-08   3.5162e-08   3.2742e-08   3.0192e-08   2.7523e-08   2.4746e-08   2.1870e-08   1.8909e-08   1.5873e-08   1.2774e-08   9.6249e-09   6.4378e-09   3.2253e-09            0
            0   3.1236e-09   6.2349e-09   9.3216e-09   1.2371e-08   1.5372e-08   1.8313e-08   2.1181e-08   2.3966e-08   2.6655e-08   2.9240e-08   3.1710e-08   3.4054e-08   3.6264e-08   3.8330e-08   4.0246e-08   4.2002e-08   4.3593e-08   4.5012e-08   4.6253e-08   4.7312e-08   4.8184e-08   4.8865e-08   4.9354e-08   4.9648e-08   4.9746e-08   4.9648e-08   4.9354e-08   4.8865e-08   4.8184e-08   4.7312e-08   4.6253e-08   4.5012e-08   4.3593e-08   4.2002e-08   4.0246e-08   3.8330e-08   3.6264e-08   3.4054e-08   3.1710e-08   2.9240e-08   2.6655e-08   2.3966e-08   2.1181e-08   1.8313e-08   1.5372e-08   1.2371e-08   9.3216e-09   6.2349e-09   3.1236e-09            0
            0   3.0096e-09   6.0074e-09   8.9814e-09   1.1920e-08   1.4812e-08   1.7645e-08   2.0408e-08   2.3091e-08   2.5683e-08   2.8173e-08   3.0552e-08   3.2811e-08   3.4940e-08   3.6932e-08   3.8777e-08   4.0470e-08   4.2002e-08   4.3369e-08   4.4565e-08   4.5585e-08   4.6425e-08   4.7082e-08   4.7553e-08   4.7836e-08   4.7931e-08   4.7836e-08   4.7553e-08   4.7082e-08   4.6425e-08   4.5585e-08   4.4565e-08   4.3369e-08   4.2002e-08   4.0470e-08   3.8777e-08   3.6932e-08   3.4940e-08   3.2811e-08   3.0552e-08   2.8173e-08   2.5683e-08   2.3091e-08   2.0408e-08   1.7645e-08   1.4812e-08   1.1920e-08   8.9814e-09   6.0074e-09   3.0096e-09            0
            0   2.8837e-09   5.7561e-09   8.6058e-09   1.1421e-08   1.4192e-08   1.6907e-08   1.9555e-08   2.2125e-08   2.4609e-08   2.6995e-08   2.9275e-08   3.1439e-08   3.3479e-08   3.5387e-08   3.7155e-08   3.8777e-08   4.0246e-08   4.1556e-08   4.2701e-08   4.3679e-08   4.4484e-08   4.5113e-08   4.5564e-08   4.5836e-08   4.5927e-08   4.5836e-08   4.5564e-08   4.5113e-08   4.4484e-08   4.3679e-08   4.2701e-08   4.1556e-08   4.0246e-08   3.8777e-08   3.7155e-08   3.5387e-08   3.3479e-08   3.1439e-08   2.9275e-08   2.6995e-08   2.4609e-08   2.2125e-08   1.9555e-08   1.6907e-08   1.4192e-08   1.1421e-08   8.6058e-09   5.7561e-09   2.8837e-09            0
            0   2.7465e-09   5.4822e-09   8.1962e-09   1.0878e-08   1.3517e-08   1.6102e-08   1.8624e-08   2.1072e-08   2.3437e-08   2.5710e-08   2.7881e-08   2.9943e-08   3.1886e-08   3.3703e-08   3.5387e-08   3.6932e-08   3.8330e-08   3.9578e-08   4.0669e-08   4.1600e-08   4.2367e-08   4.2966e-08   4.3396e-08   4.3654e-08   4.3741e-08   4.3654e-08   4.3396e-08   4.2966e-08   4.2367e-08   4.1600e-08   4.0669e-08   3.9578e-08   3.8330e-08   3.6932e-08   3.5387e-08   3.3703e-08   3.1886e-08   2.9943e-08   2.7881e-08   2.5710e-08   2.3437e-08   2.1072e-08   1.8624e-08   1.6102e-08   1.3517e-08   1.0878e-08   8.1962e-09   5.4822e-09   2.7465e-09            0
            0   2.5984e-09   5.1866e-09   7.7543e-09   1.0291e-08   1.2788e-08   1.5234e-08   1.7620e-08   1.9936e-08   2.2174e-08   2.4324e-08   2.6378e-08   2.8328e-08   3.0166e-08   3.1886e-08   3.3479e-08   3.4940e-08   3.6264e-08   3.7444e-08   3.8476e-08   3.9357e-08   4.0082e-08   4.0649e-08   4.1056e-08   4.1301e-08   4.1382e-08   4.1301e-08   4.1056e-08   4.0649e-08   4.0082e-08   3.9357e-08   3.8476e-08   3.7444e-08   3.6264e-08   3.4940e-08   3.3479e-08   3.1886e-08   3.0166e-08   2.8328e-08   2.6378e-08   2.4324e-08   2.2174e-08   1.9936e-08   1.7620e-08   1.5234e-08   1.2788e-08   1.0291e-08   7.7543e-09   5.1866e-09   2.5984e-09            0
            0   2.4401e-09   4.8705e-09   7.2817e-09   9.6642e-09   1.2009e-08   1.4306e-08   1.6546e-08   1.8721e-08   2.0823e-08   2.2842e-08   2.4771e-08   2.6602e-08   2.8328e-08   2.9943e-08   3.1439e-08   3.2811e-08   3.4054e-08   3.5162e-08   3.6132e-08   3.6959e-08   3.7640e-08   3.8172e-08   3.8554e-08   3.8784e-08   3.8861e-08   3.8784e-08   3.8554e-08   3.8172e-08   3.7640e-08   3.6959e-08   3.6132e-08   3.5162e-08   3.4054e-08   3.2811e-08   3.1439e-08   2.9943e-08   2.8328e-08   2.6602e-08   2.4771e-08   2.2842e-08   2.0823e-08   1.8721e-08   1.6546e-08   1.4306e-08   1.2009e-08   9.6642e-09   7.2817e-09   4.8705e-09   2.4401e-09            0
            0   2.2721e-09   4.5352e-09   6.7805e-09   8.9990e-09   1.1182e-08   1.3321e-08   1.5407e-08   1.7432e-08   1.9389e-08   2.1269e-08   2.3065e-08   2.4771e-08   2.6378e-08   2.7881e-08   2.9275e-08   3.0552e-08   3.1710e-08   3.2742e-08   3.3644e-08   3.4414e-08   3.5049e-08   3.5545e-08   3.5900e-08   3.6114e-08   3.6185e-08   3.6114e-08   3.5900e-08   3.5545e-08   3.5049e-08   3.4414e-08   3.3644e-08   3.2742e-08   3.1710e-08   3.0552e-08   2.9275e-08   2.7881e-08   2.6378e-08   2.4771e-08   2.3065e-08   2.1269e-08   1.9389e-08   1.7432e-08   1.5407e-08   1.3321e-08   1.1182e-08   8.9990e-09   6.7805e-09   4.5352e-09   2.2721e-09            0
            0   2.0952e-09   4.1821e-09   6.2525e-09   8.2982e-09   1.0311e-08   1.2283e-08   1.4207e-08   1.6075e-08   1.7879e-08   1.9613e-08   2.1269e-08   2.2842e-08   2.4324e-08   2.5710e-08   2.6995e-08   2.8173e-08   2.9240e-08   3.0192e-08   3.1024e-08   3.1734e-08   3.2319e-08   3.2777e-08   3.3104e-08   3.3302e-08   3.3368e-08   3.3302e-08   3.3104e-08   3.2777e-08   3.2319e-08   3.1734e-08   3.1024e-08   3.0192e-08   2.9240e-08   2.8173e-08   2.6995e-08   2.5710e-08   2.4324e-08   2.2842e-08   2.1269e-08   1.9613e-08   1.7879e-08   1.6075e-08   1.4207e-08   1.2283e-08   1.0311e-08   8.2982e-09   6.2525e-09   4.1821e-09   2.0952e-09            0
            0   1.9100e-09   3.8124e-09   5.6998e-09   7.5646e-09   9.3997e-09   1.1198e-08   1.2951e-08   1.4654e-08   1.6299e-08   1.7879e-08   1.9389e-08   2.0823e-08   2.2174e-08   2.3437e-08   2.4609e-08   2.5683e-08   2.6655e-08   2.7523e-08   2.8282e-08   2.8929e-08   2.9462e-08   2.9879e-08   3.0178e-08   3.0358e-08   3.0418e-08   3.0358e-08   3.0178e-08   2.9879e-08   2.9462e-08   2.8929e-08   2.8282e-08   2.7523e-08   2.6655e-08   2.5683e-08   2.4609e-08   2.3437e-08   2.2174e-08   2.0823e-08   1.9389e-08   1.7879e-08   1.6299e-08   1.4654e-08   1.2951e-08   1.1198e-08   9.3997e-09   7.5646e-09   5.6998e-09   3.8124e-09   1.9100e-09            0
            0   1.7172e-09   3.4277e-09   5.1246e-09   6.8013e-09   8.4511e-09   1.0068e-08   1.1644e-08   1.3175e-08   1.4654e-08   1.6075e-08   1.7432e-08   1.8721e-08   1.9936e-08   2.1072e-08   2.2125e-08   2.3091e-08   2.3966e-08   2.4746e-08   2.5428e-08   2.6010e-08   2.6489e-08   2.6864e-08   2.7133e-08   2.7294e-08   2.7348e-08   2.7294e-08   2.7133e-08   2.6864e-08   2.6489e-08   2.6010e-08   2.5428e-08   2.4746e-08   2.3966e-08   2.3091e-08   2.2125e-08   2.1072e-08   1.9936e-08   1.8721e-08   1.7432e-08   1.6075e-08   1.4654e-08   1.3175e-08   1.1644e-08   1.0068e-08   8.4511e-09   6.8013e-09   5.1246e-09   3.4277e-09   1.7172e-09            0
            0   1.5177e-09   3.0294e-09   4.5291e-09   6.0110e-09   7.4692e-09   8.8979e-09   1.0291e-08   1.1644e-08   1.2951e-08   1.4207e-08   1.5407e-08   1.6546e-08   1.7620e-08   1.8624e-08   1.9555e-08   2.0408e-08   2.1181e-08   2.1870e-08   2.2473e-08   2.2988e-08   2.3411e-08   2.3743e-08   2.3980e-08   2.4123e-08   2.4171e-08   2.4123e-08   2.3980e-08   2.3743e-08   2.3411e-08   2.2988e-08   2.2473e-08   2.1870e-08   2.1181e-08   2.0408e-08   1.9555e-08   1.8624e-08   1.7620e-08   1.6546e-08   1.5407e-08   1.4207e-08   1.2951e-08   1.1644e-08   1.0291e-08   8.8979e-09   7.4692e-09   6.0110e-09   4.5291e-09   3.0294e-09   1.5177e-09            0
            0   1.3122e-09   2.6192e-09   3.9159e-09   5.1971e-09   6.4578e-09   7.6930e-09   8.8979e-09   1.0068e-08   1.1198e-08   1.2283e-08   1.3321e-08   1.4306e-08   1.5234e-08   1.6102e-08   1.6907e-08   1.7645e-08   1.8313e-08   1.8909e-08   1.9430e-08   1.9875e-08   2.0241e-08   2.0528e-08   2.0733e-08   2.0857e-08   2.0898e-08   2.0857e-08   2.0733e-08   2.0528e-08   2.0241e-08   1.9875e-08   1.9430e-08   1.8909e-08   1.8313e-08   1.7645e-08   1.6907e-08   1.6102e-08   1.5234e-08   1.4306e-08   1.3321e-08   1.2283e-08   1.1198e-08   1.0068e-08   8.8979e-09   7.6930e-09   6.4578e-09   5.1971e-09   3.9159e-09   2.6192e-09   1.3122e-09            0
            0   1.1015e-09   2.1986e-09   3.2871e-09   4.3626e-09   5.4209e-09   6.4578e-09   7.4692e-09   8.4511e-09   9.3997e-09   1.0311e-08   1.1182e-08   1.2009e-08   1.2788e-08   1.3517e-08   1.4192e-08   1.4812e-08   1.5372e-08   1.5873e-08   1.6310e-08   1.6684e-08   1.6991e-08   1.7232e-08   1.7404e-08   1.7508e-08   1.7542e-08   1.7508e-08   1.7404e-08   1.7232e-08   1.6991e-08   1.6684e-08   1.6310e-08   1.5873e-08   1.5372e-08   1.4812e-08   1.4192e-08   1.3517e-08   1.2788e-08   1.2009e-08   1.1182e-08   1.0311e-08   9.3997e-09   8.4511e-09   7.4692e-09   6.4578e-09   5.4209e-09   4.3626e-09   3.2871e-09   2.1986e-09   1.1015e-09            0
            0   8.8646e-10   1.7694e-09   2.6454e-09   3.5109e-09   4.3626e-09   5.1971e-09   6.0110e-09   6.8013e-09   7.5646e-09   8.2982e-09   8.9990e-09   9.6642e-09   1.0291e-08   1.0878e-08   1.1421e-08   1.1920e-08   1.2371e-08   1.2774e-08   1.3126e-08   1.3427e-08   1.3674e-08   1.3868e-08   1.4006e-08   1.4090e-08   1.4118e-08   1.4090e-08   1.4006e-08   1.3868e-08   1.3674e-08   1.3427e-08   1.3126e-08   1.2774e-08   1.2371e-08   1.1920e-08   1.1421e-08   1.0878e-08   1.0291e-08   9.6642e-09   8.9990e-09   8.2982e-09   7.5646e-09   6.8013e-09   6.0110e-09   5.1971e-09   4.3626e-09   3.5109e-09   2.6454e-09   1.7694e-09   8.8646e-10            0
            0   6.6792e-10   1.3332e-09   1.9932e-09   2.6454e-09   3.2871e-09   3.9159e-09   4.5291e-09   5.1246e-09   5.6998e-09   6.2525e-09   6.7805e-09   7.2817e-09   7.7543e-09   8.1962e-09   8.6058e-09   8.9814e-09   9.3216e-09   9.6249e-09   9.8903e-09   1.0117e-08   1.0303e-08   1.0449e-08   1.0553e-08   1.0616e-08   1.0637e-08   1.0616e-08   1.0553e-08   1.0449e-08   1.0303e-08   1.0117e-08   9.8903e-09   9.6249e-09   9.3216e-09   8.9814e-09   8.6058e-09   8.1962e-09   7.7543e-09   7.2817e-09   6.7805e-09   6.2525e-09   5.6998e-09   5.1246e-09   4.5291e-09   3.9159e-09   3.2871e-09   2.6454e-09   1.9932e-09   1.3332e-09   6.6792e-10            0
            0   4.4675e-10   8.9174e-10   1.3332e-09   1.7694e-09   2.1986e-09   2.6192e-09   3.0294e-09   3.4277e-09   3.8124e-09   4.1821e-09   4.5352e-09   4.8705e-09   5.1866e-09   5.4822e-09   5.7561e-09   6.0074e-09   6.2349e-09   6.4378e-09   6.6153e-09   6.7667e-09   6.8914e-09   6.9889e-09   7.0588e-09   7.1009e-09   7.1150e-09   7.1009e-09   7.0588e-09   6.9889e-09   6.8914e-09   6.7667e-09   6.6153e-09   6.4378e-09   6.2349e-09   6.0074e-09   5.7561e-09   5.4822e-09   5.1866e-09   4.8705e-09   4.5352e-09   4.1821e-09   3.8124e-09   3.4277e-09   3.0294e-09   2.6192e-09   2.1986e-09   1.7694e-09   1.3332e-09   8.9174e-10   4.4675e-10            0
            0   2.2382e-10   4.4675e-10   6.6792e-10   8.8646e-10   1.1015e-09   1.3122e-09   1.5177e-09   1.7172e-09   1.9100e-09   2.0952e-09   2.2721e-09   2.4401e-09   2.5984e-09   2.7465e-09   2.8837e-09   3.0096e-09   3.1236e-09   3.2253e-09   3.3142e-09   3.3901e-09   3.4525e-09   3.5014e-09   3.5364e-09   3.5575e-09   3.5645e-09   3.5575e-09   3.5364e-09   3.5014e-09   3.4525e-09   3.3901e-09   3.3142e-09   3.2253e-09   3.1236e-09   3.0096e-09   2.8837e-09   2.7465e-09   2.5984e-09   2.4401e-09   2.2721e-09   2.0952e-09   1.9100e-09   1.7172e-09   1.5177e-09   1.3122e-09   1.1015e-09   8.8646e-10   6.6792e-10   4.4675e-10   2.2382e-10            0
            0            0            0            0            0            0            0            0            0            0            0            0            0            0            0            0            0            0            0            0            0            0            0            0            0            0            0            0            0            0            0            0            0            0            0            0            0            0            0            0            0            0            0            0            0            0            0            0            0            0            0
