            0            0            0            0            0            0            0            0            0            0            0            0            0            0            0            0            0            0            0            0            0            0            0            0            0            0            0            0            0            0            0            0            0            0            0            0            0            0            0            0            0            0            0            0            0            0            0            0            0            0            0            0            0            0            0            0            0            0            0            0            0
            0   2.8957e-06   5.7783e-06   8.6347e-06   1.1453e-05   1.4220e-05   1.6925e-05   1.9558e-05   2.2108e-05   2.4569e-05   2.6932e-05   2.9190e-05   3.1340e-05   3.3376e-05   3.5295e-05   3.7096e-05   3.8776e-05   4.0335e-05   4.1772e-05   4.3089e-05   4.4285e-05   4.5362e-05   4.6321e-05   4.7163e-05   4.7889e-05   4.8502e-05   4.9001e-05   4.9388e-05   4.9664e-05   4.9829e-05   4.9884e-05   4.9829e-05   4.9664e-05   4.9388e-05   4.9001e-05   4.8502e-05   4.7889e-05   4.7163e-05   4.6321e-05   4.5362e-05   4.4285e-05   4.3089e-05   4.1772e-05   4.0335e-05   3.8776e-05   3.7096e-05   3.5295e-05   3.3376e-05   3.1340e-05   2.9190e-05   2.6932e-05   2.4569e-05   2.2108e-05   1.9558e-05   1.6925e-05   1.4220e-05   1.1453e-05   8.6347e-06   5.7783e-06   2.8957e-06            0
            0   5.7783e-06   1.1530e-05   1.7230e-05   2.2853e-05   2.8375e-05   3.3773e-05   3.9027e-05   4.4118e-05   4.9028e-05   5.3743e-05   5.8251e-05   6.2540e-05   6.6604e-05   7.0434e-05   7.4028e-05   7.7381e-05   8.0493e-05   8.3362e-05   8.5990e-05   8.8378e-05   9.0527e-05   9.2441e-05   9.4122e-05   9.5572e-05   9.6795e-05   9.7791e-05   9.8564e-05   9.9115e-05   9.9445e-05   9.9555e-05   9.9445e-05   9.9115e-05   9.8564e-05   9.7791e-05   9.6795e-05   9.5572e-05   9.4122e-05   9.2441e-05   9.0527e-05   8.8378e-05   8.5990e-05   8.3362e-05   8.0493e-05   7.7381e-05   7.4028e-05   7.0434e-05   6.6604e-05   6.2540e-05   5.8251e-05   5.3743e-05   4.9028e-05   4.4118e-05   3.9027e-05   3.3773e-05   2.8375e-05   2.2853e-05   1.7230e-05   1.1530e-05   5.7783e-06            0
            0   8.6347e-06   1.7230e-05   2.5748e-05   3.4151e-05   4.2403e-05   5.0470e-05   5.8322e-05   6.5929e-05   7.3268e-05   8.0315e-05   8.7052e-05   9.3464e-05   9.9538e-05   1.0526e-04   1.1064e-04   1.1565e-04   1.2030e-04   1.2459e-04   1.2852e-04   1.3209e-04   1.3530e-04   1.3816e-04   1.4068e-04   1.4285e-04   1.4467e-04   1.4616e-04   1.4732e-04   1.4814e-04   1.4864e-04   1.4880e-04   1.4864e-04   1.4814e-04   1.4732e-04   1.4616e-04   1.4467e-04   1.4285e-04   1.4068e-04   1.3816e-04   1.3530e-04   1.3209e-04   1.2852e-04   1.2459e-04   1.2030e-04   1.1565e-04   1.1064e-04   1.0526e-04   9.9538e-05   9.3464e-05   8.7052e-05   8.0315e-05   7.3268e-05   6.5929e-05   5.8322e-05   5.0470e-05   4.2403e-05   3.4151e-05   2.5748e-05   1.7230e-05   8.6347e-06            0
            0   1.1453e-05   2.2853e-05   3.4151e-05   4.5296e-05   5.6241e-05   6.6942e-05   7.7357e-05   8.7449e-05   9.7184e-05   1.0653e-04   1.1547e-04   1.2398e-04   1.3204e-04   1.3963e-04   1.4676e-04   1.5341e-04   1.5959e-04   1.6528e-04   1.7049e-04   1.7523e-04   1.7950e-04   1.8330e-04   1.8663e-04   1.8951e-04   1.9194e-04   1.9392e-04   1.9545e-04   1.9654e-04   1.9720e-04   1.9742e-04   1.9720e-04   1.9654e-04   1.9545e-04   1.9392e-04   1.9194e-04   1.8951e-04   1.8663e-04   1.8330e-04   1.7950e-04   1.7523e-04   1.7049e-04   1.6528e-04   1.5959e-04   1.5341e-04   1.4676e-04   1.3963e-04   1.3204e-04   1.2398e-04   1.1547e-04   1.0653e-04   9.7184e-05   8.7449e-05   7.7357e-05   6.6942e-05   5.6241e-05   4.5296e-05   3.4151e-05   2.2853e-05   1.1453e-05            0
            0   1.4220e-05   2.8375e-05   4.2403e-05   5.6241e-05   6.9832e-05   8.3119e-05   9.6053e-05   1.0858e-04   1.2067e-04   1.3229e-04   1.4339e-04   1.5395e-04   1.6396e-04   1.7340e-04   1.8226e-04   1.9052e-04   1.9819e-04   2.0526e-04   2.1174e-04   2.1763e-04   2.2293e-04   2.2765e-04   2.3180e-04   2.3538e-04   2.3839e-04   2.4085e-04   2.4276e-04   2.4412e-04   2.4493e-04   2.4521e-04   2.4493e-04   2.4412e-04   2.4276e-04   2.4085e-04   2.3839e-04   2.3538e-04   2.3180e-04   2.2765e-04   2.2293e-04   2.1763e-04   2.1174e-04   2.0526e-04   1.9819e-04   1.9052e-04   1.8226e-04   1.7340e-04   1.6396e-04   1.5395e-04   1.4339e-04   1.3229e-04   1.2067e-04   1.0858e-04   9.6053e-05   8.3119e-05   6.9832e-05   5.6241e-05   4.2403e-05   2.8375e-05   1.4220e-05            0
            0   1.6925e-05   3.3773e-05   5.0470e-05   6.6942e-05   8.3119e-05   9.8937e-05   1.1433e-04   1.2925e-04   1.4365e-04   1.5747e-04   1.7069e-04   1.8327e-04   1.9519e-04   2.0643e-04   2.1698e-04   2.2682e-04   2.3596e-04   2.4438e-04   2.5210e-04   2.5912e-04   2.6544e-04   2.7106e-04   2.7601e-04   2.8027e-04   2.8386e-04   2.8679e-04   2.8907e-04   2.9069e-04   2.9166e-04   2.9198e-04   2.9166e-04   2.9069e-04   2.8907e-04   2.8679e-04   2.8386e-04   2.8027e-04   2.7601e-04   2.7106e-04   2.6544e-04   2.5912e-04   2.5210e-04   2.4438e-04   2.3596e-04   2.2682e-04   2.1698e-04   2.0643e-04   1.9519e-04   1.8327e-04   1.7069e-04   1.5747e-04   1.4365e-04   1.2925e-04   1.1433e-04   9.8937e-05   8.3119e-05   6.6942e-05   5.0470e-05   3.3773e-05   1.6925e-05            0
            0   1.9558e-05   3.9027e-05   5.8322e-05   7.7357e-05   9.6053e-05   1.1433e-04   1.3213e-04   1.4937e-04   1.6601e-04   1.8199e-04   1.9727e-04   2.1182e-04   2.2560e-04   2.3860e-04   2.5080e-04   2.6218e-04   2.7275e-04   2.8250e-04   2.9143e-04   2.9954e-04   3.0685e-04   3.1336e-04   3.1908e-04   3.2402e-04   3.2818e-04   3.3157e-04   3.3420e-04   3.3607e-04   3.3720e-04   3.3757e-04   3.3720e-04   3.3607e-04   3.3420e-04   3.3157e-04   3.2818e-04   3.2402e-04   3.1908e-04   3.1336e-04   3.0685e-04   2.9954e-04   2.9143e-04   2.8250e-04   2.7275e-04   2.6218e-04   2.5080e-04   2.3860e-04   2.2560e-04   2.1182e-04   1.9727e-04   1.8199e-04   1.6601e-04   1.4937e-04   1.3213e-04   1.1433e-04   9.6053e-05   7.7357e-05   5.8322e-05   3.9027e-05   1.9558e-05            0
            0   2.2108e-05   4.4118e-05   6.5929e-05   8.7449e-05   1.0858e-04   1.2925e-04   1.4937e-04   1.6887e-04   1.8768e-04   2.0576e-04   2.2304e-04   2.3949e-04   2.5508e-04   2.6979e-04   2.8359e-04   2.9647e-04   3.0843e-04   3.1946e-04   3.2957e-04   3.3876e-04   3.4703e-04   3.5440e-04   3.6088e-04   3.6647e-04   3.7118e-04   3.7502e-04   3.7800e-04   3.8012e-04   3.8139e-04   3.8182e-04   3.8139e-04   3.8012e-04   3.7800e-04   3.7502e-04   3.7118e-04   3.6647e-04   3.6088e-04   3.5440e-04   3.4703e-04   3.3876e-04   3.2957e-04   3.1946e-04   3.0843e-04   2.9647e-04   2.8359e-04   2.6979e-04   2.5508e-04   2.3949e-04   2.2304e-04   2.0576e-04   1.8768e-04   1.6887e-04   1.4937e-04   1.2925e-04   1.0858e-04   8.7449e-05   6.5929e-05   4.4118e-05   2.2108e-05            0
            0   2.4569e-05   4.9028e-05   7.3268e-05   9.7184e-05   1.2067e-04   1.4365e-04   1.6601e-04   1.8768e-04   2.0860e-04   2.2869e-04   2.4791e-04   2.6621e-04   2.8355e-04   2.9990e-04   3.1525e-04   3.2958e-04   3.4289e-04   3.5516e-04   3.6641e-04   3.7664e-04   3.8585e-04   3.9405e-04   4.0126e-04   4.0748e-04   4.1272e-04   4.1700e-04   4.2032e-04   4.2268e-04   4.2410e-04   4.2457e-04   4.2410e-04   4.2268e-04   4.2032e-04   4.1700e-04   4.1272e-04   4.0748e-04   4.0126e-04   3.9405e-04   3.8585e-04   3.7664e-04   3.6641e-04   3.5516e-04   3.4289e-04   3.2958e-04   3.1525e-04   2.9990e-04   2.8355e-04   2.6621e-04   2.4791e-04   2.2869e-04   2.0860e-04   1.8768e-04   1.6601e-04   1.4365e-04   1.2067e-04   9.7184e-05   7.3268e-05   4.9028e-05   2.4569e-05            0
            0   2.6932e-05   5.3743e-05   8.0315e-05   1.0653e-04   1.3229e-04   1.5747e-04   1.8199e-04   2.0576e-04   2.2869e-04   2.5073e-04   2.7181e-04   2.9188e-04   3.1090e-04   3.2884e-04   3.4569e-04   3.6141e-04   3.7602e-04   3.8949e-04   4.0184e-04   4.1307e-04   4.2318e-04   4.3219e-04   4.4011e-04   4.4694e-04   4.5270e-04   4.5740e-04   4.6104e-04   4.6364e-04   4.6520e-04   4.6571e-04   4.6520e-04   4.6364e-04   4.6104e-04   4.5740e-04   4.5270e-04   4.4694e-04   4.4011e-04   4.3219e-04   4.2318e-04   4.1307e-04   4.0184e-04   3.8949e-04   3.7602e-04   3.6141e-04   3.4569e-04   3.2884e-04   3.1090e-04   2.9188e-04   2.7181e-04   2.5073e-04   2.2869e-04   2.0576e-04   1.8199e-04   1.5747e-04   1.3229e-04   1.0653e-04   8.0315e-05   5.3743e-05   2.6932e-05            0
            0   2.9190e-05   5.8251e-05   8.7052e-05   1.1547e-04   1.4339e-04   1.7069e-04   1.9727e-04   2.2304e-04   2.4791e-04   2.7181e-04   2.9466e-04   3.1643e-04   3.3707e-04   3.5654e-04   3.7481e-04   3.9188e-04   4.0773e-04   4.2236e-04   4.3576e-04   4.4795e-04   4.5893e-04   4.6871e-04   4.7731e-04   4.8473e-04   4.9099e-04   4.9609e-04   5.0005e-04   5.0287e-04   5.0456e-04   5.0513e-04   5.0456e-04   5.0287e-04   5.0005e-04   4.9609e-04   4.9099e-04   4.8473e-04   4.7731e-04   4.6871e-04   4.5893e-04   4.4795e-04   4.3576e-04   4.2236e-04   4.0773e-04   3.9188e-04   3.7481e-04   3.5654e-04   3.3707e-04   3.1643e-04   2.9466e-04   2.7181e-04   2.4791e-04   2.2304e-04   1.9727e-04   1.7069e-04   1.4339e-04   1.1547e-04   8.7052e-05   5.8251e-05   2.9190e-05            0
            0   3.1340e-05   6.2540e-05   9.3464e-05   1.2398e-04   1.5395e-04   1.8327e-04   2.1182e-04   2.3949e-04   2.6621e-04   2.9188e-04   3.1643e-04   3.3982e-04   3.6200e-04   3.8292e-04   4.0256e-04   4.2091e-04   4.3795e-04   4.5368e-04   4.6809e-04   4.8120e-04   4.9301e-04   5.0354e-04   5.1279e-04   5.2077e-04   5.2750e-04   5.3299e-04   5.3726e-04   5.4029e-04   5.4211e-04   5.4272e-04   5.4211e-04   5.4029e-04   5.3726e-04   5.3299e-04   5.2750e-04   5.2077e-04   5.1279e-04   5.0354e-04   4.9301e-04   4.8120e-04   4.6809e-04   4.5368e-04   4.3795e-04   4.2091e-04   4.0256e-04   3.8292e-04   3.6200e-04   3.3982e-04   3.1643e-04   2.9188e-04   2.6621e-04   2.3949e-04   2.1182e-04   1.8327e-04   1.5395e-04   1.2398e-04   9.3464e-05   6.2540e-05   3.1340e-05            0
            0   3.3376e-05   6.6604e-05   9.9538e-05   1.3204e-04   1.6396e-04   1.9519e-04   2.2560e-04   2.5508e-04   2.8355e-04   3.1090e-04   3.3707e-04   3.6200e-04   3.8563e-04   4.0794e-04   4.2888e-04   4.4845e-04   4.6662e-04   4.8339e-04   4.9877e-04   5.1276e-04   5.2536e-04   5.3659e-04   5.4646e-04   5.5498e-04   5.6217e-04   5.6803e-04   5.7258e-04   5.7582e-04   5.7776e-04   5.7841e-04   5.7776e-04   5.7582e-04   5.7258e-04   5.6803e-04   5.6217e-04   5.5498e-04   5.4646e-04   5.3659e-04   5.2536e-04   5.1276e-04   4.9877e-04   4.8339e-04   4.6662e-04   4.4845e-04   4.2888e-04   4.0794e-04   3.8563e-04   3.6200e-04   3.3707e-04   3.1090e-04   2.8355e-04   2.5508e-04   2.2560e-04   1.9519e-04   1.6396e-04   1.3204e-04   9.9538e-05   6.6604e-05   3.3376e-05            0
            0   3.5295e-05   7.0434e-05   1.0526e-04   1.3963e-04   1.7340e-04   2.0643e-04   2.3860e-04   2.6979e-04   2.9990e-04   3.2884e-04   3.5654e-04   3.8292e-04   4.0794e-04   4.3155e-04   4.5373e-04   4.7444e-04   4.9369e-04   5.1145e-04   5.2774e-04   5.4256e-04   5.5592e-04   5.6782e-04   5.7828e-04   5.8731e-04   5.9492e-04   6.0114e-04   6.0596e-04   6.0940e-04   6.1146e-04   6.1214e-04   6.1146e-04   6.0940e-04   6.0596e-04   6.0114e-04   5.9492e-04   5.8731e-04   5.7828e-04   5.6782e-04   5.5592e-04   5.4256e-04   5.2774e-04   5.1145e-04   4.9369e-04   4.7444e-04   4.5373e-04   4.3155e-04   4.0794e-04   3.8292e-04   3.5654e-04   3.2884e-04   2.9990e-04   2.6979e-04   2.3860e-04   2.0643e-04   1.7340e-04   1.3963e-04   1.0526e-04   7.0434e-05   3.5295e-05            0
            0   3.7096e-05   7.4028e-05   1.1064e-04   1.4676e-04   1.8226e-04   2.1698e-04   2.5080e-04   2.8359e-04   3.1525e-04   3.4569e-04   3.7481e-04   4.0256e-04   4.2888e-04   4.5373e-04   4.7706e-04   4.9886e-04   5.1912e-04   5.3782e-04   5.5497e-04   5.7057e-04   5.8463e-04   5.9717e-04   6.0818e-04   6.1770e-04   6.2572e-04   6.3227e-04   6.3735e-04   6.4097e-04   6.4314e-04   6.4386e-04   6.4314e-04   6.4097e-04   6.3735e-04   6.3227e-04   6.2572e-04   6.1770e-04   6.0818e-04   5.9717e-04   5.8463e-04   5.7057e-04   5.5497e-04   5.3782e-04   5.1912e-04   4.9886e-04   4.7706e-04   4.5373e-04   4.2888e-04   4.0256e-04   3.7481e-04   3.4569e-04   3.1525e-04   2.8359e-04   2.5080e-04   2.1698e-04   1.8226e-04   1.4676e-04   1.1064e-04   7.4028e-05   3.7096e-05            0
            0   3.8776e-05   7.7381e-05   1.1565e-04   1.5341e-04   1.9052e-04   2.2682e-04   2.6218e-04   2.9647e-04   3.2958e-04   3.6141e-04   3.9188e-04   4.2091e-04   4.4845e-04   4.7444e-04   4.9886e-04   5.2168e-04   5.4288e-04   5.6247e-04   5.8042e-04   5.9676e-04   6.1149e-04   6.2461e-04   6.3615e-04   6.4612e-04   6.5453e-04   6.6139e-04   6.6671e-04   6.7050e-04   6.7278e-04   6.7354e-04   6.7278e-04   6.7050e-04   6.6671e-04   6.6139e-04   6.5453e-04   6.4612e-04   6.3615e-04   6.2461e-04   6.1149e-04   5.9676e-04   5.8042e-04   5.6247e-04   5.4288e-04   5.2168e-04   4.9886e-04   4.7444e-04   4.4845e-04   4.2091e-04   3.9188e-04   3.6141e-04   3.2958e-04   2.9647e-04   2.6218e-04   2.2682e-04   1.9052e-04   1.5341e-04   1.1565e-04   7.7381e-05   3.8776e-05            0
            0   4.0335e-05   8.0493e-05   1.2030e-04   1.5959e-04   1.9819e-04   2.3596e-04   2.7275e-04   3.0843e-04   3.4289e-04   3.7602e-04   4.0773e-04   4.3795e-04   4.6662e-04   4.9369e-04   5.1912e-04   5.4288e-04   5.6497e-04   5.8537e-04   6.0408e-04   6.2111e-04   6.3645e-04   6.5014e-04   6.6217e-04   6.7255e-04   6.8132e-04   6.8847e-04   6.9402e-04   6.9798e-04   7.0035e-04   7.0114e-04   7.0035e-04   6.9798e-04   6.9402e-04   6.8847e-04   6.8132e-04   6.7255e-04   6.6217e-04   6.5014e-04   6.3645e-04   6.2111e-04   6.0408e-04   5.8537e-04   5.6497e-04   5.4288e-04   5.1912e-04   4.9369e-04   4.6662e-04   4.3795e-04   4.0773e-04   3.7602e-04   3.4289e-04   3.0843e-04   2.7275e-04   2.3596e-04   1.9819e-04   1.5959e-04   1.2030e-04   8.0493e-05   4.0335e-05            0
            0   4.1772e-05   8.3362e-05   1.2459e-04   1.6528e-04   2.0526e-04   2.4438e-04   2.8250e-04   3.1946e-04   3.5516e-04   3.8949e-04   4.2236e-04   4.5368e-04   4.8339e-04   5.1145e-04   5.3782e-04   5.6247e-04   5.8537e-04   6.0653e-04   6.2594e-04   6.4360e-04   6.5952e-04   6.7372e-04   6.8620e-04   6.9699e-04   7.0608e-04   7.1350e-04   7.1927e-04   7.2337e-04   7.2583e-04   7.2665e-04   7.2583e-04   7.2337e-04   7.1927e-04   7.1350e-04   7.0608e-04   6.9699e-04   6.8620e-04   6.7372e-04   6.5952e-04   6.4360e-04   6.2594e-04   6.0653e-04   5.8537e-04   5.6247e-04   5.3782e-04   5.1145e-04   4.8339e-04   4.5368e-04   4.2236e-04   3.8949e-04   3.5516e-04   3.1946e-04   2.8250e-04   2.4438e-04   2.0526e-04   1.6528e-04   1.2459e-04   8.3362e-05   4.1772e-05            0
            0   4.3089e-05   8.5990e-05   1.2852e-04   1.7049e-04   2.1174e-04   2.5210e-04   2.9143e-04   3.2957e-04   3.6641e-04   4.0184e-04   4.3576e-04   4.6809e-04   4.9877e-04   5.2774e-04   5.5497e-04   5.8042e-04   6.0408e-04   6.2594e-04   6.4599e-04   6.6424e-04   6.8069e-04   6.9536e-04   7.0826e-04   7.1941e-04   7.2881e-04   7.3649e-04   7.4244e-04   7.4669e-04   7.4923e-04   7.5008e-04   7.4923e-04   7.4669e-04   7.4244e-04   7.3649e-04   7.2881e-04   7.1941e-04   7.0826e-04   6.9536e-04   6.8069e-04   6.6424e-04   6.4599e-04   6.2594e-04   6.0408e-04   5.8042e-04   5.5497e-04   5.2774e-04   4.9877e-04   4.6809e-04   4.3576e-04   4.0184e-04   3.6641e-04   3.2957e-04   2.9143e-04   2.5210e-04   2.1174e-04   1.7049e-04   1.2852e-04   8.5990e-05   4.3089e-05            0
            0   4.4285e-05   8.8378e-05   1.3209e-04   1.7523e-04   2.1763e-04   2.5912e-04   2.9954e-04   3.3876e-04   3.7664e-04   4.1307e-04   4.4795e-04   4.8120e-04   5.1276e-04   5.4256e-04   5.7057e-04   5.9676e-04   6.2111e-04   6.4360e-04   6.6424e-04   6.8302e-04   6.9996e-04   7.1507e-04   7.2835e-04   7.3983e-04   7.4951e-04   7.5741e-04   7.6354e-04   7.6792e-04   7.7054e-04   7.7141e-04   7.7054e-04   7.6792e-04   7.6354e-04   7.5741e-04   7.4951e-04   7.3983e-04   7.2835e-04   7.1507e-04   6.9996e-04   6.8302e-04   6.6424e-04   6.4360e-04   6.2111e-04   5.9676e-04   5.7057e-04   5.4256e-04   5.1276e-04   4.8120e-04   4.4795e-04   4.1307e-04   3.7664e-04   3.3876e-04   2.9954e-04   2.5912e-04   2.1763e-04   1.7523e-04   1.3209e-04   8.8378e-05   4.4285e-05            0
            0   4.5362e-05   9.0527e-05   1.3530e-04   1.7950e-04   2.2293e-04   2.6544e-04   3.0685e-04   3.4703e-04   3.8585e-04   4.2318e-04   4.5893e-04   4.9301e-04   5.2536e-04   5.5592e-04   5.8463e-04   6.1149e-04   6.3645e-04   6.5952e-04   6.8069e-04   6.9996e-04   7.1734e-04   7.3284e-04   7.4647e-04   7.5824e-04   7.6818e-04   7.7629e-04   7.8259e-04   7.8707e-04   7.8976e-04   7.9066e-04   7.8976e-04   7.8707e-04   7.8259e-04   7.7629e-04   7.6818e-04   7.5824e-04   7.4647e-04   7.3284e-04   7.1734e-04   6.9996e-04   6.8069e-04   6.5952e-04   6.3645e-04   6.1149e-04   5.8463e-04   5.5592e-04   5.2536e-04   4.9301e-04   4.5893e-04   4.2318e-04   3.8585e-04   3.4703e-04   3.0685e-04   2.6544e-04   2.2293e-04   1.7950e-04   1.3530e-04   9.0527e-05   4.5362e-05            0
            0   4.6321e-05   9.2441e-05   1.3816e-04   1.8330e-04   2.2765e-04   2.7106e-04   3.1336e-04   3.5440e-04   3.9405e-04   4.3219e-04   4.6871e-04   5.0354e-04   5.3659e-04   5.6782e-04   5.9717e-04   6.2461e-04   6.5014e-04   6.7372e-04   6.9536e-04   7.1507e-04   7.3284e-04   7.4869e-04   7.6263e-04   7.7467e-04   7.8484e-04   7.9313e-04   7.9957e-04   8.0416e-04   8.0692e-04   8.0783e-04   8.0692e-04   8.0416e-04   7.9957e-04   7.9313e-04   7.8484e-04   7.7467e-04   7.6263e-04   7.4869e-04   7.3284e-04   7.1507e-04   6.9536e-04   6.7372e-04   6.5014e-04   6.2461e-04   5.9717e-04   5.6782e-04   5.3659e-04   5.0354e-04   4.6871e-04   4.3219e-04   3.9405e-04   3.5440e-04   3.1336e-04   2.7106e-04   2.2765e-04   1.8330e-04   1.3816e-04   9.2441e-05   4.6321e-05            0
            0   4.7163e-05   9.4122e-05   1.4068e-04   1.8663e-04   2.3180e-04   2.7601e-04   3.1908e-04   3.6088e-04   4.0126e-04   4.4011e-04   4.7731e-04   5.1279e-04   5.4646e-04   5.7828e-04   6.0818e-04   6.3615e-04   6.6217e-04   6.8620e-04   7.0826e-04   7.2835e-04   7.4647e-04   7.6263e-04   7.7684e-04   7.8912e-04   7.9949e-04   8.0795e-04   8.1452e-04   8.1920e-04   8.2201e-04   8.2294e-04   8.2201e-04   8.1920e-04   8.1452e-04   8.0795e-04   7.9949e-04   7.8912e-04   7.7684e-04   7.6263e-04   7.4647e-04   7.2835e-04   7.0826e-04   6.8620e-04   6.6217e-04   6.3615e-04   6.0818e-04   5.7828e-04   5.4646e-04   5.1279e-04   4.7731e-04   4.4011e-04   4.0126e-04   3.6088e-04   3.1908e-04   2.7601e-04   2.3180e-04   1.8663e-04   1.4068e-04   9.4122e-05   4.7163e-05            0
            0   4.7889e-05   9.5572e-05   1.4285e-04   1.8951e-04   2.3538e-04   2.8027e-04   3.2402e-04   3.6647e-04   4.0748e-04   4.4694e-04   4.8473e-04   5.2077e-04   5.5498e-04   5.8731e-04   6.1770e-04   6.4612e-04   6.7255e-04   6.9699e-04   7.1941e-04   7.3983e-04   7.5824e-04   7.7467e-04   7.8912e-04   8.0161e-04   8.1215e-04   8.2075e-04   8.2743e-04   8.3219e-04   8.3505e-04   8.3600e-04   8.3505e-04   8.3219e-04   8.2743e-04   8.2075e-04   8.1215e-04   8.0161e-04   7.8912e-04   7.7467e-04   7.5824e-04   7.3983e-04   7.1941e-04   6.9699e-04   6.7255e-04   6.4612e-04   6.1770e-04   5.8731e-04   5.5498e-04   5.2077e-04   4.8473e-04   4.4694e-04   4.0748e-04   3.6647e-04   3.2402e-04   2.8027e-04   2.3538e-04   1.8951e-04   1.4285e-04   9.5572e-05   4.7889e-05            0
            0   4.8502e-05   9.6795e-05   1.4467e-04   1.9194e-04   2.3839e-04   2.8386e-04   3.2818e-04   3.7118e-04   4.1272e-04   4.5270e-04   4.9099e-04   5.2750e-04   5.6217e-04   5.9492e-04   6.2572e-04   6.5453e-04   6.8132e-04   7.0608e-04   7.2881e-04   7.4951e-04   7.6818e-04   7.8484e-04   7.9949e-04   8.1215e-04   8.2284e-04   8.3156e-04   8.3833e-04   8.4316e-04   8.4605e-04   8.4702e-04   8.4605e-04   8.4316e-04   8.3833e-04   8.3156e-04   8.2284e-04   8.1215e-04   7.9949e-04   7.8484e-04   7.6818e-04   7.4951e-04   7.2881e-04   7.0608e-04   6.8132e-04   6.5453e-04   6.2572e-04   5.9492e-04   5.6217e-04   5.2750e-04   4.9099e-04   4.5270e-04   4.1272e-04   3.7118e-04   3.2818e-04   2.8386e-04   2.3839e-04   1.9194e-04   1.4467e-04   9.6795e-05   4.8502e-05            0
            0   4.9001e-05   9.7791e-05   1.4616e-04   1.9392e-04   2.4085e-04   2.8679e-04   3.3157e-04   3.7502e-04   4.1700e-04   4.5740e-04   4.9609e-04   5.3299e-04   5.6803e-04   6.0114e-04   6.3227e-04   6.6139e-04   6.8847e-04   7.1350e-04   7.3649e-04   7.5741e-04   7.7629e-04   7.9313e-04   8.0795e-04   8.2075e-04   8.3156e-04   8.4038e-04   8.4723e-04   8.5211e-04   8.5504e-04   8.5601e-04   8.5504e-04   8.5211e-04   8.4723e-04   8.4038e-04   8.3156e-04   8.2075e-04   8.0795e-04   7.9313e-04   7.7629e-04   7.5741e-04   7.3649e-04   7.1350e-04   6.8847e-04   6.6139e-04   6.3227e-04   6.0114e-04   5.6803e-04   5.3299e-04   4.9609e-04   4.5740e-04   4.1700e-04   3.7502e-04   3.3157e-04   2.8679e-04   2.4085e-04   1.9392e-04   1.4616e-04   9.7791e-05   4.9001e-05            0
            0   4.9388e-05   9.8564e-05   1.4732e-04   1.9545e-04   2.4276e-04   2.8907e-04   3.3420e-04   3.7800e-04   4.2032e-04   4.6104e-04   5.0005e-04   5.3726e-04   5.7258e-04   6.0596e-04   6.3735e-04   6.6671e-04   6.9402e-04   7.1927e-04   7.4244e-04   7.6354e-04   7.8259e-04   7.9957e-04   8.1452e-04   8.2743e-04   8.3833e-04   8.4723e-04   8.5414e-04   8.5906e-04   8.6201e-04   8.6300e-04   8.6201e-04   8.5906e-04   8.5414e-04   8.4723e-04   8.3833e-04   8.2743e-04   8.1452e-04   7.9957e-04   7.8259e-04   7.6354e-04   7.4244e-04   7.1927e-04   6.9402e-04   6.6671e-04   6.3735e-04   6.0596e-04   5.7258e-04   5.3726e-04   5.0005e-04   4.6104e-04   4.2032e-04   3.7800e-04   3.3420e-04   2.8907e-04   2.4276e-04   1.9545e-04   1.4732e-04   9.8564e-05   4.9388e-05            0
            0   4.9664e-05   9.9115e-05   1.4814e-04   1.9654e-04   2.4412e-04   2.9069e-04   3.3607e-04   3.8012e-04   4.2268e-04   4.6364e-04   5.0287e-04   5.4029e-04   5.7582e-04   6.0940e-04   6.4097e-04   6.7050e-04   6.9798e-04   7.2337e-04   7.4669e-04   7.6792e-04   7.8707e-04   8.0416e-04   8.1920e-04   8.3219e-04   8.4316e-04   8.5211e-04   8.5906e-04   8.6402e-04   8.6699e-04   8.6798e-04   8.6699e-04   8.6402e-04   8.5906e-04   8.5211e-04   8.4316e-04   8.3219e-04   8.1920e-04   8.0416e-04   7.8707e-04   7.6792e-04   7.4669e-04   7.2337e-04   6.9798e-04   6.7050e-04   6.4097e-04   6.0940e-04   5.7582e-04   5.4029e-04   5.0287e-04   4.6364e-04   4.2268e-04   3.8012e-04   3.3607e-04   2.9069e-04   2.4412e-04   1.9654e-04   1.4814e-04   9.9115e-05   4.9664e-05            0
            0   4.9829e-05   9.9445e-05   1.4864e-04   1.9720e-04   2.4493e-04   2.9166e-04   3.3720e-04   3.8139e-04   4.2410e-04   4.6520e-04   5.0456e-04   5.4211e-04   5.7776e-04   6.1146e-04   6.4314e-04   6.7278e-04   7.0035e-04   7.2583e-04   7.4923e-04   7.7054e-04   7.8976e-04   8.0692e-04   8.2201e-04   8.3505e-04   8.4605e-04   8.5504e-04   8.6201e-04   8.6699e-04   8.6997e-04   8.7097e-04   8.6997e-04   8.6699e-04   8.6201e-04   8.5504e-04   8.4605e-04   8.3505e-04   8.2201e-04   8.0692e-04   7.8976e-04   7.7054e-04   7.4923e-04   7.2583e-04   7.0035e-04   6.7278e-04   6.4314e-04   6.1146e-04   5.7776e-04   5.4211e-04   5.0456e-04   4.6520e-04   4.2410e-04   3.8139e-04   3.3720e-04   2.9166e-04   2.4493e-04   1.9720e-04   1.4864e-04   9.9445e-05   4.9829e-05            0
            0   4.9884e-05   9.9555e-05   1.4880e-04   1.9742e-04   2.4521e-04   2.9198e-04   3.3757e-04   3.8182e-04   4.2457e-04   4.6571e-04   5.0513e-04   5.4272e-04   5.7841e-04   6.1214e-04   6.4386e-04   6.7354e-04   7.0114e-04   7.2665e-04   7.5008e-04   7.7141e-04   7.9066e-04   8.0783e-04   8.2294e-04   8.3600e-04   8.4702e-04   8.5601e-04   8.6300e-04   8.6798e-04   8.7097e-04   8.7196e-04   8.7097e-04   8.6798e-04   8.6300e-04   8.5601e-04   8.4702e-04   8.3600e-04   8.2294e-04   8.0783e-04   7.9066e-04   7.7141e-04   7.5008e-04   7.2665e-04   7.0114e-04   6.7354e-04   6.4386e-04   6.1214e-04   5.7841e-04   5.4272e-04   5.0513e-04   4.6571e-04   4.2457e-04   3.8182e-04   3.3757e-04   2.9198e-04   2.4521e-04   1.9742e-04   1.4880e-04   9.9555e-05   4.9884e-05            0
            0   4.9829e-05   9.9445e-05   1.4864e-04   1.9720e-04   2.4493e-04   2.9166e-04   3.3720e-04   3.8139e-04   4.2410e-04   4.6520e-04   5.0456e-04   5.4211e-04   5.7776e-04   6.1146e-04   6.4314e-04   6.7278e-04   7.0035e-04   7.2583e-04   7.4923e-04   7.7054e-04   7.8976e-04   8.0692e-04   8.2201e-04   8.3505e-04   8.4605e-04   8.5504e-04   8.6201e-04   8.6699e-04   8.6997e-04   8.7097e-04   8.6997e-04   8.6699e-04   8.6201e-04   8.5504e-04   8.4605e-04   8.3505e-04   8.2201e-04   8.0692e-04   7.8976e-04   7.7054e-04   7.4923e-04   7.2583e-04   7.0035e-04   6.7278e-04   6.4314e-04   6.1146e-04   5.7776e-04   5.4211e-04   5.0456e-04   4.6520e-04   4.2410e-04   3.8139e-04   3.3720e-04   2.9166e-04   2.4493e-04   1.9720e-04   1.4864e-04   9.9445e-05   4.9829e-05            0
            0   4.9664e-05   9.9115e-05   1.4814e-04   1.9654e-04   2.4412e-04   2.9069e-04   3.3607e-04   3.8012e-04   4.2268e-04   4.6364e-04   5.0287e-04   5.4029e-04   5.7582e-04   6.0940e-04   6.4097e-04   6.7050e-04   6.9798e-04   7.2337e-04   7.4669e-04   7.6792e-04   7.8707e-04   8.0416e-04   8.1920e-04   8.3219e-04   8.4316e-04   8.5211e-04   8.5906e-04   8.6402e-04   8.6699e-04   8.6798e-04   8.6699e-04   8.6402e-04   8.5906e-04   8.5211e-04   8.4316e-04   8.3219e-04   8.1920e-04   8.0416e-04   7.8707e-04   7.6792e-04   7.4669e-04   7.2337e-04   6.9798e-04   6.7050e-04   6.4097e-04   6.0940e-04   5.7582e-04   5.4029e-04   5.0287e-04   4.6364e-04   4.2268e-04   3.8012e-04   3.3607e-04   2.9069e-04   2.4412e-04   1.9654e-04   1.4814e-04   9.9115e-05   4.9664e-05            0
            0   4.9388e-05   9.8564e-05   1.4732e-04   1.9545e-04   2.4276e-04   2.8907e-04   3.3420e-04   3.7800e-04   4.2032e-04   4.6104e-04   5.0005e-04   5.3726e-04   5.7258e-04   6.0596e-04   6.3735e-04   6.6671e-04   6.9402e-04   7.1927e-04   7.4244e-04   7.6354e-04   7.8259e-04   7.9957e-04   8.1452e-04   8.2743e-04   8.3833e-04   8.4723e-04   8.5414e-04   8.5906e-04   8.6201e-04   8.6300e-04   8.6201e-04   8.5906e-04   8.5414e-04   8.4723e-04   8.3833e-04   8.2743e-04   8.1452e-04   7.9957e-04   7.8259e-04   7.6354e-04   7.4244e-04   7.1927e-04   6.9402e-04   6.6671e-04   6.3735e-04   6.0596e-04   5.7258e-04   5.3726e-04   5.0005e-04   4.6104e-04   4.2032e-04   3.7800e-04   3.3420e-04   2.8907e-04   2.4276e-04   1.9545e-04   1.4732e-04   9.8564e-05   4.9388e-05            0
            0   4.9001e-05   9.7791e-05   1.4616e-04   1.9392e-04   2.4085e-04   2.8679e-04   3.3157e-04   3.7502e-04   4.1700e-04   4.5740e-04   4.9609e-04   5.3299e-04   5.6803e-04   6.0114e-04   6.3227e-04   6.6139e-04   6.8847e-04   7.1350e-04   7.3649e-04   7.5741e-04   7.7629e-04   7.9313e-04   8.0795e-04   8.2075e-04   8.3156e-04   8.4038e-04   8.4723e-04   8.5211e-04   8.5504e-04   8.5601e-04   8.5504e-04   8.5211e-04   8.4723e-04   8.4038e-04   8.3156e-04   8.2075e-04   8.0795e-04   7.9313e-04   7.7629e-04   7.5741e-04   7.3649e-04   7.1350e-04   6.8847e-04   6.6139e-04   6.3227e-04   6.0114e-04   5.6803e-04   5.3299e-04   4.9609e-04   4.5740e-04   4.1700e-04   3.7502e-04   3.3157e-04   2.8679e-04   2.4085e-04   1.9392e-04   1.4616e-04   9.7791e-05   4.9001e-05            0
            0   4.8502e-05   9.6795e-05   1.4467e-04   1.9194e-04   2.3839e-04   2.8386e-04   3.2818e-04   3.7118e-04   4.1272e-04   4.5270e-04   4.9099e-04   5.2750e-04   5.6217e-04   5.9492e-04   6.2572e-04   6.5453e-04   6.8132e-04   7.0608e-04   7.2881e-04   7.4951e-04   7.6818e-04   7.8484e-04   7.9949e-04   8.1215e-04   8.2284e-04   8.3156e-04   8.3833e-04   8.4316e-04   8.4605e-04   8.4702e-04   8.4605e-04   8.4316e-04   8.3833e-04   8.3156e-04   8.2284e-04   8.1215e-04   7.9949e-04   7.8484e-04   7.6818e-04   7.4951e-04   7.2881e-04   7.0608e-04   6.8132e-04   6.5453e-04   6.2572e-04   5.9492e-04   5.6217e-04   5.2750e-04   4.9099e-04   4.5270e-04   4.1272e-04   3.7118e-04   3.2818e-04   2.8386e-04   2.3839e-04   1.9194e-04   1.4467e-04   9.6795e-05   4.8502e-05            0
            0   4.7889e-05   9.5572e-05   1.4285e-04   1.8951e-04   2.3538e-04   2.8027e-04   3.2402e-04   3.6647e-04   4.0748e-04   4.4694e-04   4.8473e-04   5.2077e-04   5.5498e-04   5.8731e-04   6.1770e-04   6.4612e-04   6.7255e-04   6.9699e-04   7.1941e-04   7.3983e-04   7.5824e-04   7.7467e-04   7.8912e-04   8.0161e-04   8.1215e-04   8.2075e-04   8.2743e-04   8.3219e-04   8.3505e-04   8.3600e-04   8.3505e-04   8.3219e-04   8.2743e-04   8.2075e-04   8.1215e-04   8.0161e-04   7.8912e-04   7.7467e-04   7.5824e-04   7.3983e-04   7.1941e-04   6.9699e-04   6.7255e-04   6.4612e-04   6.1770e-04   5.8731e-04   5.5498e-04   5.2077e-04   4.8473e-04   4.4694e-04   4.0748e-04   3.6647e-04   3.2402e-04   2.8027e-04   2.3538e-04   1.8951e-04   1.4285e-04   9.5572e-05   4.7889e-05            0
            0   4.7163e-05   9.4122e-05   1.4068e-04   1.8663e-04   2.3180e-04   2.7601e-04   3.1908e-04   3.6088e-04   4.0126e-04   4.4011e-04   4.7731e-04   5.1279e-04   5.4646e-04   5.7828e-04   6.0818e-04   6.3615e-04   6.6217e-04   6.8620e-04   7.0826e-04   7.2835e-04   7.4647e-04   7.6263e-04   7.7684e-04   7.8912e-04   7.9949e-04   8.0795e-04   8.1452e-04   8.1920e-04   8.2201e-04   8.2294e-04   8.2201e-04   8.1920e-04   8.1452e-04   8.0795e-04   7.9949e-04   7.8912e-04   7.7684e-04   7.6263e-04   7.4647e-04   7.2835e-04   7.0826e-04   6.8620e-04   6.6217e-04   6.3615e-04   6.0818e-04   5.7828e-04   5.4646e-04   5.1279e-04   4.7731e-04   4.4011e-04   4.0126e-04   3.6088e-04   3.1908e-04   2.7601e-04   2.3180e-04   1.8663e-04   1.4068e-04   9.4122e-05   4.7163e-05            0
            0   4.6321e-05   9.2441e-05   1.3816e-04   1.8330e-04   2.2765e-04   2.7106e-04   3.1336e-04   3.5440e-04   3.9405e-04   4.3219e-04   4.6871e-04   5.0354e-04   5.3659e-04   5.6782e-04   5.9717e-04   6.2461e-04   6.5014e-04   6.7372e-04   6.9536e-04   7.1507e-04   7.3284e-04   7.4869e-04   7.6263e-04   7.7467e-04   7.8484e-04   7.9313e-04   7.9957e-04   8.0416e-04   8.0692e-04   8.0783e-04   8.0692e-04   8.0416e-04   7.9957e-04   7.9313e-04   7.8484e-04   7.7467e-04   7.6263e-04   7.4869e-04   7.3284e-04   7.1507e-04   6.9536e-04   6.7372e-04   6.5014e-04   6.2461e-04   5.9717e-04   5.6782e-04   5.3659e-04   5.0354e-04   4.6871e-04   4.3219e-04   3.9405e-04   3.5440e-04   3.1336e-04   2.7106e-04   2.2765e-04   1.8330e-04   1.3816e-04   9.2441e-05   4.6321e-05            0
            0   4.5362e-05   9.0527e-05   1.3530e-04   1.7950e-04   2.2293e-04   2.6544e-04   3.0685e-04   3.4703e-04   3.8585e-04   4.2318e-04   4.5893e-04   4.9301e-04   5.2536e-04   5.5592e-04   5.8463e-04   6.1149e-04   6.3645e-04   6.5952e-04   6.8069e-04   6.9996e-04   7.1734e-04   7.3284e-04   7.4647e-04   7.5824e-04   7.6818e-04   7.7629e-04   7.8259e-04   7.8707e-04   7.8976e-04   7.9066e-04   7.8976e-04   7.8707e-04   7.8259e-04   7.7629e-04   7.6818e-04   7.5824e-04   7.4647e-04   7.3284e-04   7.1734e-04   6.9996e-04   6.8069e-04   6.5952e-04   6.3645e-04   6.1149e-04   5.8463e-04   5.5592e-04   5.2536e-04   4.9301e-04   4.5893e-04   4.2318e-04   3.8585e-04   3.4703e-04   3.0685e-04   2.6544e-04   2.2293e-04   1.7950e-04   1.3530e-04   9.0527e-05   4.5362e-05            0
            0   4.4285e-05   8.8378e-05   1.3209e-04   1.7523e-04   2.1763e-04   2.5912e-04   2.9954e-04   3.3876e-04   3.7664e-04   4.1307e-04   4.4795e-04   4.8120e-04   5.1276e-04   5.4256e-04   5.7057e-04   5.9676e-04   6.2111e-04   6.4360e-04   6.6424e-04   6.8302e-04   6.9996e-04   7.1507e-04   7.2835e-04   7.3983e-04   7.4951e-04   7.5741e-04   7.6354e-04   7.6792e-04   7.7054e-04   7.7141e-04   7.7054e-04   7.6792e-04   7.6354e-04   7.5741e-04   7.4951e-04   7.3983e-04   7.2835e-04   7.1507e-04   6.9996e-04   6.8302e-04   6.6424e-04   6.4360e-04   6.2111e-04   5.9676e-04   5.7057e-04   5.4256e-04   5.1276e-04   4.8120e-04   4.4795e-04   4.1307e-04   3.7664e-04   3.3876e-04   2.9954e-04   2.5912e-04   2.1763e-04   1.7523e-04   1.3209e-04   8.8378e-05   4.4285e-05            0
            0   4.3089e-05   8.5990e-05   1.2852e-04   1.7049e-04   2.1174e-04   2.5210e-04   2.9143e-04   3.2957e-04   3.6641e-04   4.0184e-04   4.3576e-04   4.6809e-04   4.9877e-04   5.2774e-04   5.5497e-04   5.8042e-04   6.0408e-04   6.2594e-04   6.4599e-04   6.6424e-04   6.8069e-04   6.9536e-04   7.0826e-04   7.1941e-04   7.2881e-04   7.3649e-04   7.4244e-04   7.4669e-04   7.4923e-04   7.5008e-04   7.4923e-04   7.4669e-04   7.4244e-04   7.3649e-04   7.2881e-04   7.1941e-04   7.0826e-04   6.9536e-04   6.8069e-04   6.6424e-04   6.4599e-04   6.2594e-04   6.0408e-04   5.8042e-04   5.5497e-04   5.2774e-04   4.9877e-04   4.6809e-04   4.3576e-04   4.0184e-04   3.6641e-04   3.2957e-04   2.9143e-04   2.5210e-04   2.1174e-04   1.7049e-04   1.2852e-04   8.5990e-05   4.3089e-05            0
            0   4.1772e-05   8.3362e-05   1.2459e-04   1.6528e-04   2.0526e-04   2.4438e-04   2.8250e-04   3.1946e-04   3.5516e-04   3.8949e-04   4.2236e-04   4.5368e-04   4.8339e-04   5.1145e-04   5.3782e-04   5.6247e-04   5.8537e-04   6.0653e-04   6.2594e-04   6.4360e-04   6.5952e-04   6.7372e-04   6.8620e-04   6.9699e-04   7.0608e-04   7.1350e-04   7.1927e-04   7.2337e-04   7.2583e-04   7.2665e-04   7.2583e-04   7.2337e-04   7.1927e-04   7.1350e-04   7.0608e-04   6.9699e-04   6.8620e-04   6.7372e-04   6.5952e-04   6.4360e-04   6.2594e-04   6.0653e-04   5.8537e-04   5.6247e-04   5.3782e-04   5.1145e-04   4.8339e-04   4.5368e-04   4.2236e-04   3.8949e-04   3.5516e-04   3.1946e-04   2.8250e-04   2.4438e-04   2.0526e-04   1.6528e-04   1.2459e-04   8.3362e-05   4.1772e-05            0
            0   4.0335e-05   8.0493e-05   1.2030e-04   1.5959e-04   1.9819e-04   2.3596e-04   2.7275e-04   3.0843e-04   3.4289e-04   3.7602e-04   4.0773e-04   4.3795e-04   4.6662e-04   4.9369e-04   5.1912e-04   5.4288e-04   5.6497e-04   5.8537e-04   6.0408e-04   6.2111e-04   6.3645e-04   6.5014e-04   6.6217e-04   6.7255e-04   6.8132e-04   6.8847e-04   6.9402e-04   6.9798e-04   7.0035e-04   7.0114e-04   7.0035e-04   6.9798e-04   6.9402e-04   6.8847e-04   6.8132e-04   6.7255e-04   6.6217e-04   6.5014e-04   6.3645e-04   6.2111e-04   6.0408e-04   5.8537e-04   5.6497e-04   5.4288e-04   5.1912e-04   4.9369e-04   4.6662e-04   4.3795e-04   4.0773e-04   3.7602e-04   3.4289e-04   3.0843e-04   2.7275e-04   2.3596e-04   1.9819e-04   1.5959e-04   1.2030e-04   8.0493e-05   4.0335e-05            0
            0   3.8776e-05   7.7381e-05   1.1565e-04   1.5341e-04   1.9052e-04   2.2682e-04   2.6218e-04   2.9647e-04   3.2958e-04   3.6141e-04   3.9188e-04   4.2091e-04   4.4845e-04   4.7444e-04   4.9886e-04   5.2168e-04   5.4288e-04   5.6247e-04   5.8042e-04   5.9676e-04   6.1149e-04   6.2461e-04   6.3615e-04   6.4612e-04   6.5453e-04   6.6139e-04   6.6671e-04   6.7050e-04   6.7278e-04   6.7354e-04   6.7278e-04   6.7050e-04   6.6671e-04   6.6139e-04   6.5453e-04   6.4612e-04   6.3615e-04   6.2461e-04   6.1149e-04   5.9676e-04   5.8042e-04   5.6247e-04   5.4288e-04   5.2168e-04   4.9886e-04   4.7444e-04   4.4845e-04   4.2091e-04   3.9188e-04   3.6141e-04   3.2958e-04   2.9647e-04   2.6218e-04   2.2682e-04   1.9052e-04   1.5341e-04   1.1565e-04   7.7381e-05   3.8776e-05            0
            0   3.7096e-05   7.4028e-05   1.1064e-04   1.4676e-04   1.8226e-04   2.1698e-04   2.5080e-04   2.8359e-04   3.1525e-04   3.4569e-04   3.7481e-04   4.0256e-04   4.2888e-04   4.5373e-04   4.7706e-04   4.9886e-04   5.1912e-04   5.3782e-04   5.5497e-04   5.7057e-04   5.8463e-04   5.9717e-04   6.0818e-04   6.1770e-04   6.2572e-04   6.3227e-04   6.3735e-04   6.4097e-04   6.4314e-04   6.4386e-04   6.4314e-04   6.4097e-04   6.3735e-04   6.3227e-04   6.2572e-04   6.1770e-04   6.0818e-04   5.9717e-04   5.8463e-04   5.7057e-04   5.5497e-04   5.3782e-04   5.1912e-04   4.9886e-04   4.7706e-04   4.5373e-04   4.2888e-04   4.0256e-04   3.7481e-04   3.4569e-04   3.1525e-04   2.8359e-04   2.5080e-04   2.1698e-04   1.8226e-04   1.4676e-04   1.1064e-04   7.4028e-05   3.7096e-05            0
            0   3.5295e-05   7.0434e-05   1.0526e-04   1.3963e-04   1.7340e-04   2.0643e-04   2.3860e-04   2.6979e-04   2.9990e-04   3.2884e-04   3.5654e-04   3.8292e-04   4.0794e-04   4.3155e-04   4.5373e-04   4.7444e-04   4.9369e-04   5.1145e-04   5.2774e-04   5.4256e-04   5.5592e-04   5.6782e-04   5.7828e-04   5.8731e-04   5.9492e-04   6.0114e-04   6.0596e-04   6.0940e-04   6.1146e-04   6.1214e-04   6.1146e-04   6.0940e-04   6.0596e-04   6.0114e-04   5.9492e-04   5.8731e-04   5.7828e-04   5.6782e-04   5.5592e-04   5.4256e-04   5.2774e-04   5.1145e-04   4.9369e-04   4.7444e-04   4.5373e-04   4.3155e-04   4.0794e-04   3.8292e-04   3.5654e-04   3.2884e-04   2.9990e-04   2.6979e-04   2.3860e-04   2.0643e-04   1.7340e-04   1.3963e-04   1.0526e-04   7.0434e-05   3.5295e-05            0
            0   3.3376e-05   6.6604e-05   9.9538e-05   1.3204e-04   1.6396e-04   1.9519e-04   2.2560e-04   2.5508e-04   2.8355e-04   3.1090e-04   3.3707e-04   3.6200e-04   3.8563e-04   4.0794e-04   4.2888e-04   4.4845e-04   4.6662e-04   4.8339e-04   4.9877e-04   5.1276e-04   5.2536e-04   5.3659e-04   5.4646e-04   5.5498e-04   5.6217e-04   5.6803e-04   5.7258e-04   5.7582e-04   5.7776e-04   5.7841e-04   5.7776e-04   5.7582e-04   5.7258e-04   5.6803e-04   5.6217e-04   5.5498e-04   5.4646e-04   5.3659e-04   5.2536e-04   5.1276e-04   4.9877e-04   4.8339e-04   4.6662e-04   4.4845e-04   4.2888e-04   4.0794e-04   3.8563e-04   3.6200e-04   3.3707e-04   3.1090e-04   2.8355e-04   2.5508e-04   2.2560e-04   1.9519e-04   1.6396e-04   1.3204e-04   9.9538e-05   6.6604e-05   3.3376e-05            0
            0   3.1340e-05   6.2540e-05   9.3464e-05   1.2398e-04   1.5395e-04   1.8327e-04   2.1182e-04   2.3949e-04   2.6621e-04   2.9188e-04   3.1643e-04   3.3982e-04   3.6200e-04   3.8292e-04   4.0256e-04   4.2091e-04   4.3795e-04   4.5368e-04   4.6809e-04   4.8120e-04   4.9301e-04   5.0354e-04   5.1279e-04   5.2077e-04   5.2750e-04   5.3299e-04   5.3726e-04   5.4029e-04   5.4211e-04   5.4272e-04   5.4211e-04   5.4029e-04   5.3726e-04   5.3299e-04   5.2750e-04   5.2077e-04   5.1279e-04   5.0354e-04   4.9301e-04   4.8120e-04   4.6809e-04   4.5368e-04   4.3795e-04   4.2091e-04   4.0256e-04   3.8292e-04   3.6200e-04   3.3982e-04   3.1643e-04   2.9188e-04   2.6621e-04   2.3949e-04   2.1182e-04   1.8327e-04   1.5395e-04   1.2398e-04   9.3464e-05   6.2540e-05   3.1340e-05            0
            0   2.9190e-05   5.8251e-05   8.7052e-05   1.1547e-04   1.4339e-04   1.7069e-04   1.9727e-04   2.2304e-04   2.4791e-04   2.7181e-04   2.9466e-04   3.1643e-04   3.3707e-04   3.5654e-04   3.7481e-04   3.9188e-04   4.0773e-04   4.2236e-04   4.3576e-04   4.4795e-04   4.5893e-04   4.6871e-04   4.7731e-04   4.8473e-04   4.9099e-04   4.9609e-04   5.0005e-04   5.0287e-04   5.0456e-04   5.0513e-04   5.0456e-04   5.0287e-04   5.0005e-04   4.9609e-04   4.9099e-04   4.8473e-04   4.7731e-04   4.6871e-04   4.5893e-04   4.4795e-04   4.3576e-04   4.2236e-04   4.0773e-04   3.9188e-04   3.7481e-04   3.5654e-04   3.3707e-04   3.1643e-04   2.9466e-04   2.7181e-04   2.4791e-04   2.2304e-04   1.9727e-04   1.7069e-04   1.4339e-04   1.1547e-04   8.7052e-05   5.8251e-05   2.9190e-05            0
