            0            0            0            0            0            0            0            0            0            0            0
            0  -6.9279e-10  -1.3178e-09  -1.8137e-09  -2.1322e-09  -2.2419e-09  -2.1322e-09  -1.8137e-09  -1.3178e-09  -6.9279e-10            0
            0  -1.3178e-09  -2.5065e-09  -3.4499e-09  -4.0556e-09  -4.2644e-09  -4.0556e-09  -3.4499e-09  -2.5065e-09  -1.3178e-09            0
            0  -1.8137e-09  -3.4499e-09  -4.7484e-09  -5.5821e-09  -5.8694e-09  -5.5821e-09  -4.7484e-09  -3.4499e-09  -1.8137e-09            0
            0  -2.1322e-09  -4.0556e-09  -5.5821e-09  -6.5622e-09  -6.8999e-09  -6.5622e-09  -5.5821e-09  -4.0556e-09  -2.1322e-09            0
            0  -2.2419e-09  -4.2644e-09  -5.8694e-09  -6.8999e-09  -7.2550e-09  -6.8999e-09  -5.8694e-09  -4.2644e-09  -2.2419e-09            0
            0  -2.1322e-09  -4.0556e-09  -5.5821e-09  -6.5622e-09  -6.8999e-09  -6.5622e-09  -5.5821e-09  -4.0556e-09  -2.1322e-09            0
            0  -1.8137e-09  -3.4499e-09  -4.7484e-09  -5.5821e-09  -5.8694e-09  -5.5821e-09  -4.7484e-09  -3.4499e-09  -1.8137e-09            0
            0  -1.3178e-09  -2.5065e-09  -3.4499e-09  -4.0556e-09  -4.2644e-09  -4.0556e-09  -3.4499e-09  -2.5065e-09  -1.3178e-09            0
            0  -6.9279e-10  -1.3178e-09  -1.8137e-09  -2.1322e-09  -2.2419e-09  -2.1322e-09  -1.8137e-09  -1.3178e-09  -6.9279e-10            0
            0            0            0            0            0            0            0            0            0            0            0
